Filename:	D:\Users\Thermal_Users\LeBlanc\Ag1_8_31_16.tg1d

Time (min)	Weight % (%)
0.000	99.9765
1.667e-002	99.9766
3.333e-002	99.9770
5.000e-002	99.9770
6.667e-002	99.9772
8.333e-002	99.9769
1.000e-001	99.9763
0.117	99.9757
0.133	99.9747
0.150	99.9734
0.167	99.9718
0.183	99.9701
0.200	99.9683
0.217	99.9665
0.233	99.9645
0.250	99.9625
0.267	99.9603
0.283	99.9581
0.300	99.9557
0.317	99.9532
0.333	99.9506
0.350	99.9483
0.367	99.9459
0.383	99.9434
0.400	99.9408
0.417	99.9380
0.433	99.9354
0.450	99.9327
0.467	99.9299
0.483	99.9272
0.500	99.9245
0.517	99.9218
0.533	99.9190
0.550	99.9161
0.567	99.9131
0.583	99.9101
0.600	99.9074
0.617	99.9045
0.633	99.9018
0.650	99.8990
0.667	99.8962
0.683	99.8933
0.700	99.8904
0.717	99.8875
0.733	99.8846
0.750	99.8817
0.767	99.8788
0.783	99.8758
0.800	99.8730
0.817	99.8701
0.833	99.8674
0.850	99.8645
0.867	99.8616
0.883	99.8588
0.900	99.8563
0.917	99.8535
0.933	99.8508
0.950	99.8481
0.967	99.8452
0.983	99.8423
1.000	99.8393
1.017	99.8364
1.033	99.8337
1.050	99.8311
1.067	99.8290
1.083	99.8272
1.100	99.8267
1.117	99.8313
1.133	99.8378
1.150	99.8426
1.167	99.8443
1.183	99.8432
1.200	99.8394
1.217	99.8333
1.233	99.8251
1.250	99.8152
1.267	99.8035
1.283	99.7903
1.300	99.7756
1.317	99.7596
1.333	99.7421
1.350	99.7238
1.367	99.7048
1.383	99.6849
1.400	99.6643
1.417	99.6433
1.433	99.6219
1.450	99.6002
1.467	99.5781
1.483	99.5559
1.500	99.5335
1.517	99.5108
1.533	99.4881
1.550	99.4654
1.567	99.4425
1.583	99.4197
1.600	99.3967
1.617	99.3737
1.633	99.3506
1.650	99.3273
1.667	99.3038
1.683	99.2798
1.700	99.2554
1.717	99.2303
1.733	99.2045
1.750	99.1781
1.767	99.1514
1.783	99.1244
1.800	99.0971
1.817	99.0694
1.833	99.0417
1.850	99.0140
1.867	98.9863
1.883	98.9585
1.900	98.9306
1.917	98.9027
1.933	98.8746
1.950	98.8463
1.967	98.8179
1.983	98.7893
2.000	98.7604
2.017	98.7314
2.033	98.7022
2.050	98.6723
2.067	98.6346
2.083	98.5868
2.100	98.5351
2.117	98.4850
2.133	98.4393
2.150	98.3982
2.167	98.3612
2.183	98.3272
2.200	98.2958
2.217	98.2662
2.233	98.2379
2.250	98.2105
2.267	98.1839
2.283	98.1577
2.300	98.1317
2.317	98.1060
2.333	98.0807
2.350	98.0552
2.367	98.0299
2.383	98.0048
2.400	97.9798
2.417	97.9549
2.433	97.9302
2.450	97.9056
2.467	97.8812
2.483	97.8568
2.500	97.8325
2.517	97.8084
2.533	97.7842
2.550	97.7600
2.567	97.7360
2.583	97.7119
2.600	97.6880
2.617	97.6640
2.633	97.6402
2.650	97.6167
2.667	97.5930
2.683	97.5695
2.700	97.5463
2.717	97.5232
2.733	97.5002
2.750	97.4772
2.767	97.4543
2.783	97.4313
2.800	97.4083
2.817	97.3855
2.833	97.3628
2.850	97.3400
2.867	97.3170
2.883	97.2941
2.900	97.2715
2.917	97.2489
2.933	97.2261
2.950	97.2034
2.967	97.1807
2.983	97.1583
3.000	97.1359
3.017	97.1136
3.033	97.0913
3.050	97.0691
3.067	97.0469
3.083	97.0251
3.100	97.0032
3.117	96.9815
3.133	96.9599
3.150	96.9383
3.167	96.9168
3.183	96.8952
3.200	96.8737
3.217	96.8523
3.233	96.8310
3.250	96.8096
3.267	96.7883
3.283	96.7670
3.300	96.7461
3.317	96.7248
3.333	96.7037
3.350	96.6831
3.367	96.6622
3.383	96.6411
3.400	96.6200
3.417	96.5992
3.433	96.5785
3.450	96.5578
3.467	96.5371
3.483	96.5165
3.500	96.4958
3.517	96.4752
3.533	96.4550
3.550	96.4350
3.567	96.4149
3.583	96.3949
3.600	96.3749
3.617	96.3552
3.633	96.3353
3.650	96.3155
3.667	96.2958
3.683	96.2761
3.700	96.2564
3.717	96.2367
3.733	96.2172
3.750	96.1977
3.767	96.1784
3.783	96.1591
3.800	96.1398
3.817	96.1205
3.833	96.1013
3.850	96.0821
3.867	96.0630
3.883	96.0440
3.900	96.0250
3.917	96.0062
3.933	95.9870
3.950	95.9680
3.967	95.9491
3.983	95.9303
4.000	95.9119
4.017	95.8936
4.033	95.8752
4.050	95.8567
4.067	95.8384
4.083	95.8202
4.100	95.8020
4.117	95.7838
4.133	95.7658
4.150	95.7478
4.167	95.7300
4.183	95.7121
4.200	95.6943
4.217	95.6764
4.233	95.6587
4.250	95.6410
4.267	95.6233
4.283	95.6056
4.300	95.5878
4.317	95.5701
4.333	95.5525
4.350	95.5348
4.367	95.5171
4.383	95.4992
4.400	95.4815
4.417	95.4639
4.433	95.4463
4.450	95.4288
4.467	95.4114
4.483	95.3941
4.500	95.3770
4.517	95.3603
4.533	95.3435
4.550	95.3265
4.567	95.3095
4.583	95.2926
4.600	95.2757
4.617	95.2588
4.633	95.2424
4.650	95.2261
4.667	95.2098
4.683	95.1933
4.700	95.1770
4.717	95.1608
4.733	95.1448
4.750	95.1288
4.767	95.1129
4.783	95.0970
4.800	95.0811
4.817	95.0651
4.833	95.0491
4.850	95.0332
4.867	95.0174
4.883	95.0014
4.900	94.9853
4.917	94.9692
4.933	94.9533
4.950	94.9374
4.967	94.9216
4.983	94.9059
5.000	94.8905
5.017	94.8750
5.033	94.8595
5.050	94.8441
5.067	94.8286
5.083	94.8134
5.100	94.7982
5.117	94.7831
5.133	94.7682
5.150	94.7530
5.167	94.7380
5.183	94.7232
5.200	94.7088
5.217	94.6943
5.233	94.6796
5.250	94.6649
5.267	94.6503
5.283	94.6357
5.300	94.6211
5.317	94.6067
5.333	94.5923
5.350	94.5779
5.367	94.5638
5.383	94.5494
5.400	94.5351
5.417	94.5210
5.433	94.5069
5.450	94.4928
5.467	94.4786
5.483	94.4647
5.500	94.4507
5.517	94.4368
5.533	94.4228
5.550	94.4088
5.567	94.3950
5.583	94.3815
5.600	94.3680
5.617	94.3545
5.633	94.3410
5.650	94.3275
5.667	94.3140
5.683	94.3005
5.700	94.2871
5.717	94.2739
5.733	94.2608
5.750	94.2477
5.767	94.2344
5.783	94.2211
5.800	94.2079
5.817	94.1948
5.833	94.1820
5.850	94.1691
5.867	94.1565
5.883	94.1437
5.900	94.1310
5.917	94.1183
5.933	94.1056
5.950	94.0930
5.967	94.0805
5.983	94.0680
6.000	94.0559
6.017	94.0437
6.033	94.0314
6.050	94.0190
6.067	94.0065
6.083	93.9941
6.100	93.9819
6.117	93.9699
6.133	93.9579
6.150	93.9459
6.167	93.9340
6.183	93.9220
6.200	93.9101
6.217	93.8983
6.233	93.8865
6.250	93.8748
6.267	93.8632
6.283	93.8515
6.300	93.8399
6.317	93.8281
6.333	93.8163
6.350	93.8049
6.367	93.7936
6.383	93.7824
6.400	93.7711
6.417	93.7597
6.433	93.7484
6.450	93.7371
6.467	93.7260
6.483	93.7149
6.500	93.7038
6.517	93.6929
6.533	93.6819
6.550	93.6710
6.567	93.6599
6.583	93.6491
6.600	93.6383
6.617	93.6279
6.633	93.6173
6.650	93.6065
6.667	93.5958
6.683	93.5852
6.700	93.5745
6.717	93.5639
6.733	93.5533
6.750	93.5427
6.767	93.5321
6.783	93.5220
6.800	93.5119
6.817	93.5018
6.833	93.4916
6.850	93.4814
6.867	93.4714
6.883	93.4612
6.900	93.4511
6.917	93.4411
6.933	93.4310
6.950	93.4208
6.967	93.4112
6.983	93.4016
7.000	93.3920
7.017	93.3824
7.033	93.3728
7.050	93.3633
7.067	93.3538
7.083	93.3444
7.100	93.3348
7.117	93.3253
7.133	93.3159
7.150	93.3066
7.167	93.2974
7.183	93.2881
7.200	93.2789
7.217	93.2700
7.233	93.2610
7.250	93.2523
7.267	93.2433
7.283	93.2345
7.300	93.2256
7.317	93.2169
7.333	93.2082
7.350	93.1994
7.367	93.1907
7.383	93.1823
7.400	93.1738
7.417	93.1653
7.433	93.1569
7.450	93.1486
7.467	93.1404
7.483	93.1321
7.500	93.1239
7.517	93.1158
7.533	93.1078
7.550	93.0997
7.567	93.0917
7.583	93.0836
7.600	93.0757
7.617	93.0677
7.633	93.0598
7.650	93.0519
7.667	93.0442
7.683	93.0364
7.700	93.0287
7.717	93.0210
7.733	93.0131
7.750	93.0056
7.767	92.9980
7.783	92.9905
7.800	92.9830
7.817	92.9756
7.833	92.9683
7.850	92.9610
7.867	92.9536
7.883	92.9463
7.900	92.9391
7.917	92.9319
7.933	92.9248
7.950	92.9177
7.967	92.9108
7.983	92.9039
8.000	92.8971
8.017	92.8902
8.033	92.8836
8.050	92.8771
8.067	92.8703
8.083	92.8635
8.100	92.8568
8.117	92.8502
8.133	92.8436
8.150	92.8370
8.167	92.8305
8.183	92.8241
8.200	92.8177
8.217	92.8113
8.233	92.8051
8.250	92.7989
8.267	92.7927
8.283	92.7867
8.300	92.7806
8.317	92.7745
8.333	92.7685
8.350	92.7626
8.367	92.7566
8.383	92.7507
8.400	92.7448
8.417	92.7390
8.433	92.7333
8.450	92.7275
8.467	92.7218
8.483	92.7161
8.500	92.7105
8.517	92.7049
8.533	92.6993
8.550	92.6937
8.567	92.6883
8.583	92.6829
8.600	92.6778
8.617	92.6726
8.633	92.6674
8.650	92.6622
8.667	92.6572
8.683	92.6523
8.700	92.6474
8.717	92.6423
8.733	92.6372
8.750	92.6322
8.767	92.6272
8.783	92.6223
8.800	92.6175
8.817	92.6128
8.833	92.6081
8.850	92.6032
8.867	92.5984
8.883	92.5938
8.900	92.5892
8.917	92.5847
8.933	92.5800
8.950	92.5754
8.967	92.5711
8.983	92.5668
9.000	92.5624
9.017	92.5580
9.033	92.5536
9.050	92.5494
9.067	92.5452
9.083	92.5410
9.100	92.5372
9.117	92.5333
9.133	92.5292
9.150	92.5249
9.167	92.5206
9.183	92.5165
9.200	92.5122
9.217	92.5081
9.233	92.5042
9.250	92.5004
9.267	92.4965
9.283	92.4927
9.300	92.4888
9.317	92.4851
9.333	92.4816
9.350	92.4780
9.367	92.4743
9.383	92.4707
9.400	92.4671
9.417	92.4635
9.433	92.4600
9.450	92.4565
9.467	92.4531
9.483	92.4498
9.500	92.4464
9.517	92.4431
9.533	92.4397
9.550	92.4364
9.567	92.4332
9.583	92.4300
9.600	92.4268
9.617	92.4237
9.633	92.4207
9.650	92.4177
9.667	92.4147
9.683	92.4118
9.700	92.4090
9.717	92.4060
9.733	92.4031
9.750	92.4001
9.767	92.3972
9.783	92.3945
9.800	92.3918
9.817	92.3890
9.833	92.3863
9.850	92.3835
9.867	92.3807
9.883	92.3780
9.900	92.3753
9.917	92.3727
9.933	92.3702
9.950	92.3676
9.967	92.3651
9.983	92.3625
10.000	92.3600
10.017	92.3575
10.033	92.3550
10.050	92.3526
10.067	92.3502
10.083	92.3479
10.100	92.3456
10.117	92.3436
10.133	92.3418
10.150	92.3401
10.167	92.3381
10.183	92.3359
10.200	92.3338
10.217	92.3316
10.233	92.3296
10.250	92.3278
10.267	92.3259
10.283	92.3239
10.300	92.3220
10.317	92.3197
10.333	92.3176
10.350	92.3155
10.367	92.3135
10.383	92.3117
10.400	92.3098
10.417	92.3076
10.433	92.3056
10.450	92.3037
10.467	92.3019
10.483	92.3002
10.500	92.2985
10.517	92.2967
10.533	92.2950
10.550	92.2933
10.567	92.2913
10.583	92.2893
10.600	92.2874
10.617	92.2858
10.633	92.2839
10.650	92.2822
10.667	92.2805
10.683	92.2788
10.700	92.2771
10.717	92.2755
10.733	92.2738
10.750	92.2721
10.767	92.2705
10.783	92.2690
10.800	92.2675
10.817	92.2658
10.833	92.2640
10.850	92.2623
10.867	92.2607
10.883	92.2591
10.900	92.2576
10.917	92.2562
10.933	92.2547
10.950	92.2532
10.967	92.2518
10.983	92.2502
11.000	92.2488
11.017	92.2474
11.033	92.2460
11.050	92.2447
11.067	92.2433
11.083	92.2419
11.100	92.2405
11.117	92.2390
11.133	92.2376
11.150	92.2362
11.167	92.2349
11.183	92.2335
11.200	92.2321
11.217	92.2308
11.233	92.2294
11.250	92.2280
11.267	92.2267
11.283	92.2253
11.300	92.2241
11.317	92.2229
11.333	92.2216
11.350	92.2204
11.367	92.2192
11.383	92.2179
11.400	92.2167
11.417	92.2154
11.433	92.2142
11.450	92.2130
11.467	92.2117
11.483	92.2106
11.500	92.2095
11.517	92.2084
11.533	92.2071
11.550	92.2060
11.567	92.2048
11.583	92.2036
11.600	92.2025
11.617	92.2013
11.633	92.2002
11.650	92.1991
11.667	92.1982
11.683	92.1973
11.700	92.1964
11.717	92.1954
11.733	92.1944
11.750	92.1933
11.767	92.1921
11.783	92.1910
11.800	92.1900
11.817	92.1890
11.833	92.1882
11.850	92.1872
11.867	92.1860
11.883	92.1848
11.900	92.1837
11.917	92.1825
11.933	92.1814
11.950	92.1806
11.967	92.1796
11.983	92.1787
12.000	92.1777
12.017	92.1768
12.033	92.1761
12.050	92.1753
12.067	92.1743
12.083	92.1733
12.100	92.1723
12.117	92.1713
12.133	92.1701
12.150	92.1690
12.167	92.1682
12.183	92.1673
12.200	92.1664
12.217	92.1656
12.233	92.1648
12.250	92.1640
12.267	92.1632
12.283	92.1623
12.300	92.1614
12.317	92.1606
12.333	92.1597
12.350	92.1589
12.367	92.1581
12.383	92.1573
12.400	92.1565
12.417	92.1557
12.433	92.1548
12.450	92.1540
12.467	92.1532
12.483	92.1524
12.500	92.1516
12.517	92.1509
12.533	92.1501
12.550	92.1494
12.567	92.1485
12.583	92.1478
12.600	92.1470
12.617	92.1462
12.633	92.1454
12.650	92.1446
12.667	92.1439
12.683	92.1432
12.700	92.1424
12.717	92.1416
12.733	92.1408
12.750	92.1399
12.767	92.1392
12.783	92.1385
12.800	92.1379
12.817	92.1372
12.833	92.1365
12.850	92.1358
12.867	92.1352
12.883	92.1344
12.900	92.1336
12.917	92.1329
12.933	92.1323
12.950	92.1316
12.967	92.1311
12.983	92.1305
13.000	92.1299
13.017	92.1292
13.033	92.1285
13.050	92.1278
13.067	92.1270
13.083	92.1263
13.100	92.1258
13.117	92.1253
13.133	92.1247
13.150	92.1241
13.167	92.1234
13.183	92.1226
13.200	92.1220
13.217	92.1215
13.233	92.1210
13.250	92.1204
13.267	92.1198
13.283	92.1192
13.300	92.1187
13.317	92.1180
13.333	92.1174
13.350	92.1168
13.367	92.1162
13.383	92.1156
13.400	92.1148
13.417	92.1141
13.433	92.1135
13.450	92.1129
13.467	92.1123
13.483	92.1118
13.500	92.1112
13.517	92.1105
13.533	92.1099
13.550	92.1093
13.567	92.1088
13.583	92.1083
13.600	92.1078
13.617	92.1072
13.633	92.1067
13.650	92.1062
13.667	92.1056
13.683	92.1051
13.700	92.1046
13.717	92.1042
13.733	92.1037
13.750	92.1034
13.767	92.1028
13.783	92.1023
13.800	92.1017
13.817	92.1013
13.833	92.1008
13.850	92.1001
13.867	92.0996
13.883	92.0990
13.900	92.0985
13.917	92.0980
13.933	92.0975
13.950	92.0971
13.967	92.0966
13.983	92.0961
14.000	92.0957
14.017	92.0953
14.033	92.0949
14.050	92.0944
14.067	92.0938
14.083	92.0933
14.100	92.0929
14.117	92.0925
14.133	92.0920
14.150	92.0914
14.167	92.0911
14.183	92.0908
14.200	92.0905
14.217	92.0898
14.233	92.0891
14.250	92.0885
14.267	92.0880
14.283	92.0875
14.300	92.0873
14.317	92.0870
14.333	92.0866
14.350	92.0859
14.367	92.0855
14.383	92.0850
14.400	92.0845
14.417	92.0841
14.433	92.0837
14.450	92.0832
14.467	92.0828
14.483	92.0826
14.500	92.0822
14.517	92.0820
14.533	92.0817
14.550	92.0812
14.567	92.0807
14.583	92.0801
14.600	92.0795
14.617	92.0791
14.633	92.0788
14.650	92.0783
14.667	92.0778
14.683	92.0774
14.700	92.0770
14.717	92.0765
14.733	92.0761
14.750	92.0758
14.767	92.0753
14.783	92.0748
14.800	92.0744
14.817	92.0740
14.833	92.0737
14.850	92.0734
14.867	92.0731
14.883	92.0726
14.900	92.0721
14.917	92.0715
14.933	92.0712
14.950	92.0709
14.967	92.0706
14.983	92.0702
15.000	92.0700
15.017	92.0697
15.033	92.0695
15.050	92.0690
15.067	92.0685
15.083	92.0682
15.100	92.0679
15.117	92.0676
15.133	92.0671
15.150	92.0668
15.167	92.0665
15.183	92.0661
15.200	92.0656
15.217	92.0651
15.233	92.0647
15.250	92.0642
15.267	92.0638
15.283	92.0635
15.300	92.0632
15.317	92.0628
15.333	92.0625
15.350	92.0622
15.367	92.0619
15.383	92.0616
15.400	92.0612
15.417	92.0609
15.433	92.0605
15.450	92.0603
15.467	92.0601
15.483	92.0599
15.500	92.0595
15.517	92.0592
15.533	92.0587
15.550	92.0584
15.567	92.0583
15.583	92.0580
15.600	92.0576
15.617	92.0572
15.633	92.0570
15.650	92.0568
15.667	92.0564
15.683	92.0560
15.700	92.0557
15.717	92.0554
15.733	92.0550
15.750	92.0548
15.767	92.0547
15.783	92.0542
15.800	92.0540
15.817	92.0537
15.833	92.0533
15.850	92.0528
15.867	92.0525
15.883	92.0523
15.900	92.0521
15.917	92.0518
15.933	92.0514
15.950	92.0510
15.967	92.0506
15.983	92.0502
16.000	92.0499
16.017	92.0496
16.033	92.0492
16.050	92.0490
16.067	92.0488
16.083	92.0485
16.100	92.0481
16.117	92.0477
16.133	92.0475
16.150	92.0473
16.167	92.0470
16.183	92.0466
16.200	92.0463
16.217	92.0460
16.233	92.0457
16.250	92.0455
16.267	92.0452
16.283	92.0450
16.300	92.0448
16.317	92.0443
16.333	92.0440
16.350	92.0437
16.367	92.0436
16.383	92.0433
16.400	92.0430
16.417	92.0428
16.433	92.0425
16.450	92.0421
16.467	92.0418
16.483	92.0416
16.500	92.0416
16.517	92.0414
16.533	92.0412
16.550	92.0409
16.567	92.0406
16.583	92.0406
16.600	92.0404
16.617	92.0402
16.633	92.0398
16.650	92.0395
16.667	92.0392
16.683	92.0390
16.700	92.0387
16.717	92.0384
16.733	92.0383
16.750	92.0383
16.767	92.0384
16.783	92.0383
16.800	92.0383
16.817	92.0382
16.833	92.0380
16.850	92.0379
16.867	92.0378
16.883	92.0376
16.900	92.0373
16.917	92.0370
16.933	92.0368
16.950	92.0365
16.967	92.0361
16.983	92.0355
17.000	92.0350
17.017	92.0344
17.033	92.0338
17.050	92.0331
17.067	92.0322
17.083	92.0313
17.100	92.0302
17.117	92.0291
17.133	92.0278
17.150	92.0266
17.167	92.0253
17.183	92.0240
17.200	92.0224
17.217	92.0207
17.233	92.0191
17.250	92.0174
17.267	92.0155
17.283	92.0135
17.300	92.0114
17.317	92.0090
17.333	92.0067
17.350	92.0046
17.367	92.0020
17.383	91.9990
17.400	91.9958
17.417	91.9924
17.433	91.9891
17.450	91.9856
17.467	91.9819
17.483	91.9780
17.500	91.9741
17.517	91.9700
17.533	91.9658
17.550	91.9615
17.567	91.9570
17.583	91.9523
17.600	91.9472
17.617	91.9420
17.633	91.9364
17.650	91.9308
17.667	91.9246
17.683	91.9182
17.700	91.9116
17.717	91.9049
17.733	91.8979
17.750	91.8909
17.767	91.8837
17.783	91.8763
17.800	91.8688
17.817	91.8613
17.833	91.8537
17.850	91.8462
17.867	91.8387
17.883	91.8314
17.900	91.8242
17.917	91.8172
17.933	91.8102
17.950	91.8032
17.967	91.7960
17.983	91.7889
18.000	91.7824
18.017	91.7762
18.033	91.7697
18.050	91.7630
18.067	91.7568
18.083	91.7506
18.100	91.7444
18.117	91.7383
18.133	91.7326
18.150	91.7271
18.167	91.7217
18.183	91.7164
18.200	91.7112
18.217	91.7063
18.233	91.7013
18.250	91.6964
18.267	91.6915
18.283	91.6867
18.300	91.6821
18.317	91.6774
18.333	91.6728
18.350	91.6684
18.367	91.6641
18.383	91.6598
18.400	91.6556
18.417	91.6514
18.433	91.6472
18.450	91.6429
18.467	91.6390
18.483	91.6352
18.500	91.6316
18.517	91.6278
18.533	91.6241
18.550	91.6203
18.567	91.6167
18.583	91.6132
18.600	91.6098
18.617	91.6062
18.633	91.6028
18.650	91.5993
18.667	91.5960
18.683	91.5926
18.700	91.5892
18.717	91.5859
18.733	91.5827
18.750	91.5793
18.767	91.5761
18.783	91.5730
18.800	91.5699
18.817	91.5668
18.833	91.5638
18.850	91.5610
18.867	91.5579
18.883	91.5548
18.900	91.5516
18.917	91.5487
18.933	91.5458
18.950	91.5430
18.967	91.5400
18.983	91.5371
19.000	91.5345
19.017	91.5319
19.033	91.5292
19.050	91.5264
19.067	91.5237
19.083	91.5209
19.100	91.5181
19.117	91.5154
19.133	91.5127
19.150	91.5101
19.167	91.5076
19.183	91.5050
19.200	91.5024
19.217	91.4999
19.233	91.4973
19.250	91.4947
19.267	91.4921
19.283	91.4895
19.300	91.4870
19.317	91.4845
19.333	91.4820
19.350	91.4795
19.367	91.4770
19.383	91.4745
19.400	91.4721
19.417	91.4697
19.433	91.4673
19.450	91.4648
19.467	91.4624
19.483	91.4599
19.500	91.4575
19.517	91.4550
19.533	91.4524
19.550	91.4499
19.567	91.4476
19.583	91.4451
19.600	91.4428
19.617	91.4403
19.633	91.4378
19.650	91.4352
19.667	91.4329
19.683	91.4305
19.700	91.4282
19.717	91.4257
19.733	91.4231
19.750	91.4207
19.767	91.4185
19.783	91.4161
19.800	91.4138
19.817	91.4115
19.833	91.4091
19.850	91.4067
19.867	91.4045
19.883	91.4021
19.900	91.3998
19.917	91.3976
19.933	91.3952
19.950	91.3928
19.967	91.3904
19.983	91.3883
20.000	91.3861
20.017	91.3841
20.033	91.3819
20.050	91.3797
20.067	91.3775
20.083	91.3752
20.100	91.3731
20.117	91.3710
20.133	91.3688
20.150	91.3667
20.167	91.3645
20.183	91.3624
20.200	91.3603
20.217	91.3583
20.233	91.3563
20.250	91.3543
20.267	91.3524
20.283	91.3505
20.300	91.3485
20.317	91.3463
20.333	91.3442
20.350	91.3422
20.367	91.3403
20.383	91.3383
20.400	91.3364
20.417	91.3345
20.433	91.3326
20.450	91.3308
20.467	91.3289
20.483	91.3271
20.500	91.3252
20.517	91.3234
20.533	91.3216
20.550	91.3198
20.567	91.3180
20.583	91.3163
20.600	91.3146
20.617	91.3128
20.633	91.3112
20.650	91.3095
20.667	91.3079
20.683	91.3062
20.700	91.3044
20.717	91.3027
20.733	91.3010
20.750	91.2993
20.767	91.2975
20.783	91.2959
20.800	91.2943
20.817	91.2926
20.833	91.2910
20.850	91.2893
20.867	91.2876
20.883	91.2861
20.900	91.2847
20.917	91.2831
20.933	91.2816
20.950	91.2799
20.967	91.2782
20.983	91.2767
21.000	91.2753
21.017	91.2739
21.033	91.2724
21.050	91.2710
21.067	91.2698
21.083	91.2684
21.100	91.2669
21.117	91.2655
21.133	91.2641
21.150	91.2627
21.167	91.2612
21.183	91.2599
21.200	91.2586
21.217	91.2575
21.233	91.2562
21.250	91.2547
21.267	91.2532
21.283	91.2517
21.300	91.2504
21.317	91.2492
21.333	91.2478
21.350	91.2465
21.367	91.2451
21.383	91.2438
21.400	91.2425
21.417	91.2412
21.433	91.2400
21.450	91.2387
21.467	91.2375
21.483	91.2362
21.500	91.2350
21.517	91.2337
21.533	91.2324
21.550	91.2309
21.567	91.2297
21.583	91.2287
21.600	91.2276
21.617	91.2265
21.633	91.2254
21.650	91.2243
21.667	91.2232
21.683	91.2220
21.700	91.2210
21.717	91.2199
21.733	91.2188
21.750	91.2176
21.767	91.2164
21.783	91.2153
21.800	91.2143
21.817	91.2133
21.833	91.2122
21.850	91.2111
21.867	91.2101
21.883	91.2089
21.900	91.2076
21.917	91.2063
21.933	91.2052
21.950	91.2042
21.967	91.2033
21.983	91.2023
22.000	91.2013
22.017	91.2003
22.033	91.1992
22.050	91.1982
22.067	91.1972
22.083	91.1962
22.100	91.1952
22.117	91.1942
22.133	91.1932
22.150	91.1923
22.167	91.1913
22.183	91.1903
22.200	91.1893
22.217	91.1886
22.233	91.1877
22.250	91.1869
22.267	91.1860
22.283	91.1851
22.300	91.1842
22.317	91.1832
22.333	91.1822
22.350	91.1811
22.367	91.1801
22.383	91.1790
22.400	91.1780
22.417	91.1771
22.433	91.1761
22.450	91.1751
22.467	91.1741
22.483	91.1733
22.500	91.1726
22.517	91.1718
22.533	91.1709
22.550	91.1700
22.567	91.1692
22.583	91.1683
22.600	91.1674
22.617	91.1664
22.633	91.1655
22.650	91.1646
22.667	91.1636
22.683	91.1628
22.700	91.1620
22.717	91.1610
22.733	91.1599
22.750	91.1589
22.767	91.1580
22.783	91.1571
22.800	91.1564
22.817	91.1556
22.833	91.1547
22.850	91.1539
22.867	91.1529
22.883	91.1521
22.900	91.1512
22.917	91.1504
22.933	91.1496
22.950	91.1487
22.967	91.1480
22.983	91.1473
23.000	91.1466
23.017	91.1457
23.033	91.1449
23.050	91.1440
23.067	91.1430
23.083	91.1423
23.100	91.1414
23.117	91.1405
23.133	91.1398
23.150	91.1389
23.167	91.1381
23.183	91.1373
23.200	91.1365
23.217	91.1357
23.233	91.1349
23.250	91.1342
23.267	91.1334
23.283	91.1328
23.300	91.1320
23.317	91.1312
23.333	91.1304
23.350	91.1296
23.367	91.1288
23.383	91.1280
23.400	91.1272
23.417	91.1264
23.433	91.1257
23.450	91.1248
23.467	91.1240
23.483	91.1233
23.500	91.1224
23.517	91.1217
23.533	91.1209
23.550	91.1200
23.567	91.1192
23.583	91.1185
23.600	91.1181
23.617	91.1175
23.633	91.1166
23.650	91.1157
23.667	91.1147
23.683	91.1137
23.700	91.1130
23.717	91.1124
23.733	91.1116
23.750	91.1108
23.767	91.1100
23.783	91.1091
23.800	91.1083
23.817	91.1077
23.833	91.1071
23.850	91.1066
23.867	91.1059
23.883	91.1050
23.900	91.1043
23.917	91.1037
23.933	91.1029
23.950	91.1021
23.967	91.1013
23.983	91.1005
24.000	91.0997
24.017	91.0989
24.033	91.0982
24.050	91.0975
24.067	91.0967
24.083	91.0959
24.100	91.0953
24.117	91.0947
24.133	91.0938
24.150	91.0929
24.167	91.0920
24.183	91.0914
24.200	91.0908
24.217	91.0900
24.233	91.0893
24.250	91.0885
24.267	91.0879
24.283	91.0871
24.300	91.0863
24.317	91.0855
24.333	91.0847
24.350	91.0840
24.367	91.0833
24.383	91.0826
24.400	91.0821
24.417	91.0815
24.433	91.0807
24.450	91.0800
24.467	91.0793
24.483	91.0785
24.500	91.0777
24.517	91.0770
24.533	91.0764
24.550	91.0756
24.567	91.0750
24.583	91.0743
24.600	91.0736
24.617	91.0727
24.633	91.0719
24.650	91.0712
24.667	91.0706
24.683	91.0700
24.700	91.0695
24.717	91.0688
24.733	91.0680
24.750	91.0674
24.767	91.0669
24.783	91.0663
24.800	91.0656
24.817	91.0647
24.833	91.0639
24.850	91.0633
24.867	91.0625
24.883	91.0617
24.900	91.0610
24.917	91.0602
24.933	91.0595
24.950	91.0588
24.967	91.0581
24.983	91.0575
25.000	91.0569
25.017	91.0563
25.033	91.0555
25.050	91.0548
25.067	91.0540
25.083	91.0533
25.100	91.0527
25.117	91.0520
25.133	91.0512
25.150	91.0505
25.167	91.0499
25.183	91.0493
25.200	91.0487
25.217	91.0480
25.233	91.0474
25.250	91.0467
25.267	91.0460
25.283	91.0454
25.300	91.0448
25.317	91.0443
25.333	91.0435
25.350	91.0428
25.367	91.0421
25.383	91.0415
25.400	91.0410
25.417	91.0403
25.433	91.0396
25.450	91.0390
25.467	91.0384
25.483	91.0378
25.500	91.0373
25.517	91.0365
25.533	91.0358
25.550	91.0351
25.567	91.0345
25.583	91.0338
25.600	91.0333
25.617	91.0326
25.633	91.0320
25.650	91.0314
25.667	91.0308
25.683	91.0301
25.700	91.0295
25.717	91.0289
25.733	91.0283
25.750	91.0277
25.767	91.0271
25.783	91.0264
25.800	91.0256
25.817	91.0249
25.833	91.0244
25.850	91.0239
25.867	91.0234
25.883	91.0226
25.900	91.0220
25.917	91.0214
25.933	91.0207
25.950	91.0202
25.967	91.0196
25.983	91.0190
26.000	91.0183
26.017	91.0178
26.033	91.0171
26.050	91.0167
26.067	91.0161
26.083	91.0155
26.100	91.0149
26.117	91.0142
26.133	91.0135
26.150	91.0130
26.167	91.0124
26.183	91.0120
26.200	91.0117
26.217	91.0110
26.233	91.0104
26.250	91.0097
26.267	91.0091
26.283	91.0084
26.300	91.0079
26.317	91.0074
26.333	91.0068
26.350	91.0062
26.367	91.0057
26.383	91.0050
26.400	91.0043
26.417	91.0037
26.433	91.0031
26.450	91.0025
26.467	91.0019
26.483	91.0013
26.500	91.0007
26.517	91.0002
26.533	90.9996
26.550	90.9989
26.567	90.9985
26.583	90.9979
26.600	90.9974
26.617	90.9969
26.633	90.9963
26.650	90.9957
26.667	90.9951
26.683	90.9945
26.700	90.9940
26.717	90.9935
26.733	90.9930
26.750	90.9924
26.767	90.9917
26.783	90.9912
26.800	90.9906
26.817	90.9901
26.833	90.9895
26.850	90.9889
26.867	90.9884
26.883	90.9878
26.900	90.9871
26.917	90.9866
26.933	90.9861
26.950	90.9857
26.967	90.9852
26.983	90.9847
27.000	90.9843
27.017	90.9838
27.033	90.9832
27.050	90.9825
27.067	90.9820
27.083	90.9815
27.100	90.9810
27.117	90.9803
27.133	90.9796
27.150	90.9791
27.167	90.9786
27.183	90.9782
27.200	90.9777
27.217	90.9771
27.233	90.9765
27.250	90.9757
27.267	90.9750
27.283	90.9745
27.300	90.9740
27.317	90.9735
27.333	90.9733
27.350	90.9729
27.367	90.9723
27.383	90.9717
27.400	90.9711
27.417	90.9706
27.433	90.9701
27.450	90.9696
27.467	90.9690
27.483	90.9683
27.500	90.9678
27.517	90.9675
27.533	90.9670
27.550	90.9665
27.567	90.9661
27.583	90.9654
27.600	90.9647
27.617	90.9640
27.633	90.9635
27.650	90.9628
27.667	90.9621
27.683	90.9618
27.700	90.9613
27.717	90.9608
27.733	90.9605
27.750	90.9601
27.767	90.9597
27.783	90.9593
27.800	90.9588
27.817	90.9583
27.833	90.9578
27.850	90.9572
27.867	90.9567
27.883	90.9560
27.900	90.9555
27.917	90.9551
27.933	90.9545
27.950	90.9541
27.967	90.9535
27.983	90.9530
28.000	90.9526
28.017	90.9522
28.033	90.9516
28.050	90.9511
28.067	90.9506
28.083	90.9502
28.100	90.9498
28.117	90.9494
28.133	90.9490
28.150	90.9485
28.167	90.9480
28.183	90.9475
28.200	90.9470
28.217	90.9465
28.233	90.9459
28.250	90.9455
28.267	90.9451
28.283	90.9446
28.300	90.9443
28.317	90.9439
28.333	90.9434
28.350	90.9428
28.367	90.9421
28.383	90.9416
28.400	90.9413
28.417	90.9408
28.433	90.9403
28.450	90.9399
28.467	90.9394
28.483	90.9390
28.500	90.9385
28.517	90.9380
28.533	90.9375
28.550	90.9369
28.567	90.9365
28.583	90.9360
28.600	90.9356
28.617	90.9352
28.633	90.9347
28.650	90.9342
28.667	90.9336
28.683	90.9331
28.700	90.9326
28.717	90.9321
28.733	90.9318
28.750	90.9316
28.767	90.9312
28.783	90.9308
28.800	90.9302
28.817	90.9296
28.833	90.9291
28.850	90.9285
28.867	90.9279
28.883	90.9275
28.900	90.9269
28.917	90.9264
28.933	90.9259
28.950	90.9256
28.967	90.9252
28.983	90.9248
29.000	90.9244
29.017	90.9240
29.033	90.9236
29.050	90.9230
29.067	90.9223
29.083	90.9218
29.100	90.9216
29.117	90.9213
29.133	90.9209
29.150	90.9205
29.167	90.9200
29.183	90.9196
29.200	90.9192
29.217	90.9187
29.233	90.9183
29.250	90.9178
29.267	90.9174
29.283	90.9168
29.300	90.9163
29.317	90.9159
29.333	90.9155
29.350	90.9151
29.367	90.9147
29.383	90.9143
29.400	90.9139
29.417	90.9136
29.433	90.9133
29.450	90.9128
29.467	90.9125
29.483	90.9121
29.500	90.9116
29.517	90.9110
29.533	90.9105
29.550	90.9100
29.567	90.9095
29.583	90.9091
29.600	90.9088
29.617	90.9085
29.633	90.9081
29.650	90.9075
29.667	90.9070
29.683	90.9065
29.700	90.9060
29.717	90.9055
29.733	90.9052
29.750	90.9049
29.767	90.9047
29.783	90.9043
29.800	90.9039
29.817	90.9035
29.833	90.9031
29.850	90.9027
29.867	90.9021
29.883	90.9015
29.900	90.9011
29.917	90.9007
29.933	90.9003
29.950	90.8999
29.967	90.8995
29.983	90.8992
30.000	90.8988
30.017	90.8983
30.033	90.8979
30.050	90.8976
30.067	90.8971
30.083	90.8967
30.100	90.8964
30.117	90.8959
30.133	90.8954
30.150	90.8952
30.167	90.8950
30.183	90.8944
30.200	90.8939
30.217	90.8935
30.233	90.8932
30.250	90.8928
30.267	90.8923
30.283	90.8918
30.300	90.8917
30.317	90.8914
30.333	90.8909
30.350	90.8905
30.367	90.8899
30.383	90.8894
30.400	90.8886
30.417	90.8880
30.433	90.8877
30.450	90.8874
30.467	90.8870
30.483	90.8867
30.500	90.8863
30.517	90.8859
30.533	90.8855
30.550	90.8851
30.567	90.8848
30.583	90.8843
30.600	90.8840
30.617	90.8838
30.633	90.8837
30.650	90.8833
30.667	90.8828
30.683	90.8823
30.700	90.8818
30.717	90.8811
30.733	90.8806
30.750	90.8802
30.767	90.8797
30.783	90.8791
30.800	90.8788
30.817	90.8784
30.833	90.8779
30.850	90.8775
30.867	90.8771
30.883	90.8767
30.900	90.8760
30.917	90.8754
30.933	90.8751
30.950	90.8748
30.967	90.8746
30.983	90.8745
31.000	90.8742
31.017	90.8740
31.033	90.8736
31.050	90.8730
31.067	90.8725
31.083	90.8720
31.100	90.8715
31.117	90.8711
31.133	90.8709
31.150	90.8706
31.167	90.8702
31.183	90.8698
31.200	90.8693
31.217	90.8690
31.233	90.8685
31.250	90.8681
31.267	90.8676
31.283	90.8671
31.300	90.8668
31.317	90.8665
31.333	90.8661
31.350	90.8657
31.367	90.8652
31.383	90.8649
31.400	90.8645
31.417	90.8642
31.433	90.8638
31.450	90.8635
31.467	90.8631
31.483	90.8627
31.500	90.8623
31.517	90.8618
31.533	90.8615
31.550	90.8610
31.567	90.8606
31.583	90.8602
31.600	90.8599
31.617	90.8594
31.633	90.8591
31.650	90.8587
31.667	90.8584
31.683	90.8580
31.700	90.8577
31.717	90.8572
31.733	90.8567
31.750	90.8563
31.767	90.8559
31.783	90.8555
31.800	90.8550
31.817	90.8546
31.833	90.8541
31.850	90.8537
31.867	90.8535
31.883	90.8530
31.900	90.8527
31.917	90.8523
31.933	90.8520
31.950	90.8515
31.967	90.8511
31.983	90.8510
32.000	90.8507
32.017	90.8503
32.033	90.8498
32.050	90.8494
32.067	90.8490
32.083	90.8489
32.100	90.8485
32.117	90.8479
32.133	90.8474
32.150	90.8470
32.167	90.8467
32.183	90.8464
32.200	90.8459
32.217	90.8456
32.233	90.8452
32.250	90.8449
32.267	90.8446
32.283	90.8444
32.300	90.8441
32.317	90.8435
32.333	90.8430
32.350	90.8425
32.367	90.8420
32.383	90.8415
32.400	90.8412
32.417	90.8408
32.433	90.8404
32.450	90.8401
32.467	90.8400
32.483	90.8397
32.500	90.8393
32.517	90.8390
32.533	90.8386
32.550	90.8382
32.567	90.8378
32.583	90.8374
32.600	90.8370
32.617	90.8366
32.633	90.8362
32.650	90.8359
32.667	90.8355
32.683	90.8350
32.700	90.8346
32.717	90.8342
32.733	90.8337
32.750	90.8332
32.767	90.8329
32.783	90.8326
32.800	90.8323
32.817	90.8322
32.833	90.8319
32.850	90.8315
32.867	90.8311
32.883	90.8306
32.900	90.8303
32.917	90.8300
32.933	90.8296
32.950	90.8292
32.967	90.8287
32.983	90.8284
33.000	90.8282
33.017	90.8278
33.033	90.8276
33.050	90.8273
33.067	90.8268
33.083	90.8265
33.100	90.8262
33.117	90.8259
33.133	90.8256
33.150	90.8252
33.167	90.8248
33.183	90.8244
33.200	90.8239
33.217	90.8235
33.233	90.8232
33.250	90.8229
33.267	90.8226
33.283	90.8221
33.300	90.8216
33.317	90.8211
33.333	90.8207
33.350	90.8204
33.367	90.8202
33.383	90.8199
33.400	90.8196
33.417	90.8192
33.433	90.8189
33.450	90.8184
33.467	90.8180
33.483	90.8176
33.500	90.8173
33.517	90.8170
33.533	90.8166
33.550	90.8163
33.567	90.8161
33.583	90.8158
33.600	90.8155
33.617	90.8152
33.633	90.8147
33.650	90.8144
33.667	90.8140
33.683	90.8136
33.700	90.8132
33.717	90.8128
33.733	90.8123
33.750	90.8120
33.767	90.8117
33.783	90.8114
33.800	90.8110
33.817	90.8106
33.833	90.8103
33.850	90.8099
33.867	90.8094
33.883	90.8090
33.900	90.8087
33.917	90.8083
33.933	90.8078
33.950	90.8074
33.967	90.8069
33.983	90.8065
34.000	90.8061
34.017	90.8059
34.033	90.8056
34.050	90.8053
34.067	90.8049
34.083	90.8046
34.100	90.8042
34.117	90.8039
34.133	90.8036
34.150	90.8033
34.167	90.8029
34.183	90.8028
34.200	90.8026
34.217	90.8023
34.233	90.8019
34.250	90.8015
34.267	90.8011
34.283	90.8006
34.300	90.8002
34.317	90.8000
34.333	90.7997
34.350	90.7993
34.367	90.7990
34.383	90.7987
34.400	90.7985
34.417	90.7983
34.433	90.7981
34.450	90.7979
34.467	90.7975
34.483	90.7969
34.500	90.7964
34.517	90.7962
34.533	90.7958
34.550	90.7954
34.567	90.7950
34.583	90.7947
34.600	90.7941
34.617	90.7937
34.633	90.7934
34.650	90.7931
34.667	90.7928
34.683	90.7925
34.700	90.7921
34.717	90.7918
34.733	90.7915
34.750	90.7912
34.767	90.7908
34.783	90.7904
34.800	90.7900
34.817	90.7896
34.833	90.7893
34.850	90.7889
34.867	90.7889
34.883	90.7888
34.900	90.7885
34.917	90.7881
34.933	90.7876
34.950	90.7873
34.967	90.7869
34.983	90.7866
35.000	90.7863
35.017	90.7860
35.033	90.7856
35.050	90.7852
35.067	90.7848
35.083	90.7845
35.100	90.7842
35.117	90.7838
35.133	90.7834
35.150	90.7828
35.167	90.7823
35.183	90.7821
35.200	90.7818
35.217	90.7816
35.233	90.7816
35.250	90.7816
35.267	90.7814
35.283	90.7811
35.300	90.7807
35.317	90.7802
35.333	90.7798
35.350	90.7795
35.367	90.7790
35.383	90.7786
35.400	90.7783
35.417	90.7781
35.433	90.7776
35.450	90.7772
35.467	90.7767
35.483	90.7762
35.500	90.7758
35.517	90.7754
35.533	90.7752
35.550	90.7751
35.567	90.7748
35.583	90.7745
35.600	90.7742
35.617	90.7740
35.633	90.7737
35.650	90.7733
35.667	90.7729
35.683	90.7725
35.700	90.7721
35.717	90.7718
35.733	90.7714
35.750	90.7713
35.767	90.7710
35.783	90.7707
35.800	90.7705
35.817	90.7703
35.833	90.7699
35.850	90.7695
35.867	90.7692
35.883	90.7689
35.900	90.7686
35.917	90.7683
35.933	90.7679
35.950	90.7676
35.967	90.7672
35.983	90.7668
36.000	90.7664
36.017	90.7661
36.033	90.7660
36.050	90.7657
36.067	90.7652
36.083	90.7649
36.100	90.7646
36.117	90.7642
36.133	90.7639
36.150	90.7635
36.167	90.7632
36.183	90.7630
36.200	90.7627
36.217	90.7625
36.233	90.7622
36.250	90.7618
36.267	90.7614
36.283	90.7611
36.300	90.7609
36.317	90.7605
36.333	90.7601
36.350	90.7598
36.367	90.7594
36.383	90.7590
36.400	90.7586
36.417	90.7582
36.433	90.7579
36.450	90.7576
36.467	90.7574
36.483	90.7571
36.500	90.7568
36.517	90.7564
36.533	90.7559
36.550	90.7557
36.567	90.7553
36.583	90.7550
36.600	90.7548
36.617	90.7545
36.633	90.7542
36.650	90.7538
36.667	90.7534
36.683	90.7532
36.700	90.7529
36.717	90.7527
36.733	90.7524
36.750	90.7520
36.767	90.7517
36.783	90.7514
36.800	90.7512
36.817	90.7511
36.833	90.7510
36.850	90.7506
36.867	90.7501
36.883	90.7496
36.900	90.7492
36.917	90.7488
36.933	90.7484
36.950	90.7481
36.967	90.7478
36.983	90.7476
37.000	90.7473
37.017	90.7471
37.033	90.7467
37.050	90.7464
37.067	90.7460
37.083	90.7456
37.100	90.7451
37.117	90.7447
37.133	90.7444
37.150	90.7442
37.167	90.7439
37.183	90.7437
37.200	90.7434
37.217	90.7431
37.233	90.7427
37.250	90.7425
37.267	90.7422
37.283	90.7419
37.300	90.7416
37.317	90.7412
37.333	90.7408
37.350	90.7406
37.367	90.7402
37.383	90.7399
37.400	90.7395
37.417	90.7391
37.433	90.7389
37.450	90.7386
37.467	90.7382
37.483	90.7379
37.500	90.7377
37.517	90.7374
37.533	90.7372
37.550	90.7369
37.567	90.7368
37.583	90.7365
37.600	90.7362
37.617	90.7358
37.633	90.7354
37.650	90.7352
37.667	90.7349
37.683	90.7346
37.700	90.7344
37.717	90.7341
37.733	90.7338
37.750	90.7335
37.767	90.7332
37.783	90.7329
37.800	90.7324
37.817	90.7319
37.833	90.7314
37.850	90.7311
37.867	90.7308
37.883	90.7306
37.900	90.7303
37.917	90.7301
37.933	90.7299
37.950	90.7297
37.967	90.7292
37.983	90.7289
38.000	90.7287
38.017	90.7282
38.033	90.7280
38.050	90.7277
38.067	90.7273
38.083	90.7271
38.100	90.7268
38.117	90.7263
38.133	90.7260
38.150	90.7258
38.167	90.7255
38.183	90.7253
38.200	90.7250
38.217	90.7247
38.233	90.7246
38.250	90.7242
38.267	90.7239
38.283	90.7236
38.300	90.7232
38.317	90.7229
38.333	90.7225
38.350	90.7222
38.367	90.7219
38.383	90.7216
38.400	90.7213
38.417	90.7210
38.433	90.7206
38.450	90.7204
38.467	90.7201
38.483	90.7199
38.500	90.7195
38.517	90.7193
38.533	90.7191
38.550	90.7189
38.567	90.7186
38.583	90.7181
38.600	90.7178
38.617	90.7174
38.633	90.7171
38.650	90.7168
38.667	90.7164
38.683	90.7162
38.700	90.7160
38.717	90.7158
38.733	90.7156
38.750	90.7154
38.767	90.7151
38.783	90.7147
38.800	90.7144
38.817	90.7139
38.833	90.7136
38.850	90.7133
38.867	90.7129
38.883	90.7127
38.900	90.7124
38.917	90.7127
38.933	90.7126
38.950	90.7124
38.967	90.7121
38.983	90.7115
39.000	90.7110
39.017	90.7106
39.033	90.7103
39.050	90.7099
39.067	90.7097
39.083	90.7095
39.100	90.7091
39.117	90.7089
39.133	90.7085
39.150	90.7082
39.167	90.7079
39.183	90.7073
39.200	90.7069
39.217	90.7066
39.233	90.7065
39.250	90.7062
39.267	90.7060
39.283	90.7058
39.300	90.7056
39.317	90.7053
39.333	90.7051
39.350	90.7047
39.367	90.7044
39.383	90.7040
39.400	90.7036
39.417	90.7033
39.433	90.7029
39.450	90.7026
39.467	90.7023
39.483	90.7020
39.500	90.7016
39.517	90.7014
39.533	90.7011
39.550	90.7008
39.567	90.7005
39.583	90.7003
39.600	90.7000
39.617	90.6998
39.633	90.6997
39.650	90.6996
39.667	90.6993
39.683	90.6990
39.700	90.6986
39.717	90.6983
39.733	90.6980
39.750	90.6978
39.767	90.6974
39.783	90.6969
39.800	90.6966
39.817	90.6962
39.833	90.6959
39.850	90.6957
39.867	90.6954
39.883	90.6952
39.900	90.6950
39.917	90.6948
39.933	90.6945
39.950	90.6943
39.967	90.6941
39.983	90.6938
40.000	90.6936
40.017	90.6933
40.033	90.6929
40.050	90.6927
40.067	90.6923
40.083	90.6921
40.100	90.6916
40.117	90.6912
40.133	90.6913
40.150	90.6910
40.167	90.6905
40.183	90.6902
40.200	90.6899
40.217	90.6893
40.233	90.6887
40.250	90.6884
40.267	90.6882
40.283	90.6882
40.300	90.6880
40.317	90.6877
40.333	90.6874
40.350	90.6874
40.367	90.6873
40.383	90.6871
40.400	90.6868
40.417	90.6865
40.433	90.6862
40.450	90.6858
40.467	90.6854
40.483	90.6852
40.500	90.6850
40.517	90.6847
40.533	90.6844
40.550	90.6840
40.567	90.6836
40.583	90.6834
40.600	90.6830
40.617	90.6828
40.633	90.6825
40.650	90.6822
40.667	90.6820
40.683	90.6819
40.700	90.6816
40.717	90.6813
40.733	90.6810
40.750	90.6807
40.767	90.6804
40.783	90.6801
40.800	90.6798
40.817	90.6795
40.833	90.6792
40.850	90.6790
40.867	90.6788
40.883	90.6784
40.900	90.6780
40.917	90.6778
40.933	90.6776
40.950	90.6773
40.967	90.6770
40.983	90.6767
41.000	90.6763
41.017	90.6760
41.033	90.6758
41.050	90.6755
41.067	90.6752
41.083	90.6749
41.100	90.6744
41.117	90.6741
41.133	90.6739
41.150	90.6737
41.167	90.6736
41.183	90.6734
41.200	90.6731
41.217	90.6728
41.233	90.6725
41.250	90.6723
41.267	90.6724
41.283	90.6721
41.300	90.6718
41.317	90.6715
41.333	90.6712
41.350	90.6709
41.367	90.6705
41.383	90.6700
41.400	90.6698
41.417	90.6694
41.433	90.6692
41.450	90.6689
41.467	90.6685
41.483	90.6682
41.500	90.6679
41.517	90.6676
41.533	90.6673
41.550	90.6669
41.567	90.6666
41.583	90.6660
41.600	90.6659
41.617	90.6658
41.633	90.6657
41.650	90.6655
41.667	90.6651
41.683	90.6649
41.700	90.6645
41.717	90.6643
41.733	90.6640
41.750	90.6638
41.767	90.6637
41.783	90.6635
41.800	90.6633
41.817	90.6631
41.833	90.6630
41.850	90.6625
41.867	90.6621
41.883	90.6618
41.900	90.6617
41.917	90.6615
41.933	90.6613
41.950	90.6612
41.967	90.6608
41.983	90.6605
42.000	90.6602
42.017	90.6600
42.033	90.6597
42.050	90.6593
42.067	90.6590
42.083	90.6588
42.100	90.6586
42.117	90.6583
42.133	90.6579
42.150	90.6576
42.167	90.6574
42.183	90.6573
42.200	90.6571
42.217	90.6568
42.233	90.6566
42.250	90.6563
42.267	90.6560
42.283	90.6557
42.300	90.6555
42.317	90.6552
42.333	90.6551
42.350	90.6547
42.367	90.6544
42.383	90.6543
42.400	90.6541
42.417	90.6539
42.433	90.6538
42.450	90.6537
42.467	90.6535
42.483	90.6532
42.500	90.6528
42.517	90.6523
42.533	90.6518
42.550	90.6515
42.567	90.6512
42.583	90.6509
42.600	90.6507
42.617	90.6503
42.633	90.6499
42.650	90.6496
42.667	90.6495
42.683	90.6494
42.700	90.6491
42.717	90.6488
42.733	90.6485
42.750	90.6483
42.767	90.6481
42.783	90.6479
42.800	90.6479
42.817	90.6476
42.833	90.6474
42.850	90.6472
42.867	90.6470
42.883	90.6466
42.900	90.6462
42.917	90.6460
42.933	90.6459
42.950	90.6456
42.967	90.6454
42.983	90.6451
43.000	90.6449
43.017	90.6447
43.033	90.6444
43.050	90.6443
43.067	90.6441
43.083	90.6437
43.100	90.6435
43.117	90.6435
43.133	90.6433
43.150	90.6430
43.167	90.6426
43.183	90.6423
43.200	90.6419
43.217	90.6416
43.233	90.6413
43.250	90.6411
43.267	90.6409
43.283	90.6407
43.300	90.6406
43.317	90.6403
43.333	90.6399
43.350	90.6393
43.367	90.6390
43.383	90.6389
43.400	90.6387
43.417	90.6384
43.433	90.6383
43.450	90.6381
43.467	90.6379
43.483	90.6377
43.500	90.6373
43.517	90.6370
43.533	90.6368
43.550	90.6365
43.567	90.6361
43.583	90.6359
43.600	90.6357
43.617	90.6356
43.633	90.6353
43.650	90.6351
43.667	90.6349
43.683	90.6347
43.700	90.6344
43.717	90.6342
43.733	90.6339
43.750	90.6336
43.767	90.6335
43.783	90.6332
43.800	90.6328
43.817	90.6327
43.833	90.6325
43.850	90.6321
43.867	90.6319
43.883	90.6316
43.900	90.6313
43.917	90.6311
43.933	90.6312
43.950	90.6310
43.967	90.6307
43.983	90.6303
44.000	90.6300
44.017	90.6297
44.033	90.6295
44.050	90.6292
44.067	90.6291
44.083	90.6289
44.100	90.6285
44.117	90.6282
44.133	90.6280
44.150	90.6278
44.167	90.6275
44.183	90.6270
44.200	90.6266
44.217	90.6265
44.233	90.6264
44.250	90.6264
44.267	90.6263
44.283	90.6261
44.300	90.6260
44.317	90.6257
44.333	90.6254
44.350	90.6252
44.367	90.6248
44.383	90.6244
44.400	90.6242
44.417	90.6238
44.433	90.6235
44.450	90.6232
44.467	90.6230
44.483	90.6228
44.500	90.6225
44.517	90.6223
44.533	90.6221
44.550	90.6219
44.567	90.6218
44.583	90.6218
44.600	90.6217
44.617	90.6214
44.633	90.6210
44.650	90.6207
44.667	90.6204
44.683	90.6200
44.700	90.6198
44.717	90.6195
44.733	90.6193
44.750	90.6191
44.767	90.6189
44.783	90.6187
44.800	90.6185
44.817	90.6182
44.833	90.6179
44.850	90.6177
44.867	90.6175
44.883	90.6173
44.900	90.6170
44.917	90.6166
44.933	90.6164
44.950	90.6162
44.967	90.6160
44.983	90.6158
45.000	90.6156
45.017	90.6154
45.033	90.6153
45.050	90.6150
45.067	90.6148
45.083	90.6146
45.100	90.6142
45.117	90.6139
45.133	90.6137
45.150	90.6135
45.167	90.6132
45.183	90.6131
45.200	90.6128
45.217	90.6126
45.233	90.6124
45.250	90.6120
45.267	90.6117
45.283	90.6115
45.300	90.6112
45.317	90.6110
45.333	90.6108
45.350	90.6104
45.367	90.6102
45.383	90.6100
45.400	90.6099
45.417	90.6099
45.433	90.6097
45.450	90.6096
45.467	90.6091
45.483	90.6088
45.500	90.6084
45.517	90.6079
45.533	90.6078
45.550	90.6075
45.567	90.6074
45.583	90.6072
45.600	90.6071
45.617	90.6068
45.633	90.6066
45.650	90.6064
45.667	90.6066
45.683	90.6065
45.700	90.6060
45.717	90.6056
45.733	90.6051
45.750	90.6045
45.767	90.6041
45.783	90.6038
45.800	90.6037
45.817	90.6035
45.833	90.6034
45.850	90.6033
45.867	90.6032
45.883	90.6030
45.900	90.6028
45.917	90.6026
45.933	90.6023
45.950	90.6019
45.967	90.6016
45.983	90.6013
46.000	90.6011
46.017	90.6008
46.033	90.6005
46.050	90.6003
46.067	90.6000
46.083	90.5998
46.100	90.5996
46.117	90.5994
46.133	90.5991
46.150	90.5988
46.167	90.5987
46.183	90.5986
46.200	90.5983
46.217	90.5979
46.233	90.5976
46.250	90.5974
46.267	90.5970
46.283	90.5968
46.300	90.5966
46.317	90.5965
46.333	90.5965
46.350	90.5964
46.367	90.5962
46.383	90.5960
46.400	90.5957
46.417	90.5954
46.433	90.5949
46.450	90.5946
46.467	90.5942
46.483	90.5939
46.500	90.5938
46.517	90.5940
46.533	90.5939
46.550	90.5937
46.567	90.5933
46.583	90.5929
46.600	90.5925
46.617	90.5922
46.633	90.5920
46.650	90.5918
46.667	90.5918
46.683	90.5917
46.700	90.5915
46.717	90.5910
46.733	90.5906
46.750	90.5905
46.767	90.5904
46.783	90.5904
46.800	90.5904
46.817	90.5902
46.833	90.5901
46.850	90.5899
46.867	90.5896
46.883	90.5894
46.900	90.5892
46.917	90.5888
46.933	90.5884
46.950	90.5882
46.967	90.5878
46.983	90.5875
47.000	90.5872
47.017	90.5870
47.033	90.5868
47.050	90.5868
47.067	90.5865
47.083	90.5861
47.100	90.5857
47.117	90.5854
47.133	90.5852
47.150	90.5849
47.167	90.5847
47.183	90.5844
47.200	90.5843
47.217	90.5841
47.233	90.5839
47.250	90.5837
47.267	90.5835
47.283	90.5833
47.300	90.5829
47.317	90.5827
47.333	90.5824
47.350	90.5823
47.367	90.5821
47.383	90.5820
47.400	90.5819
47.417	90.5816
47.433	90.5815
47.450	90.5815
47.467	90.5814
47.483	90.5812
47.500	90.5808
47.517	90.5805
47.533	90.5802
47.550	90.5799
47.567	90.5796
47.583	90.5794
47.600	90.5793
47.617	90.5791
47.633	90.5788
47.650	90.5786
47.667	90.5783
47.683	90.5781
47.700	90.5778
47.717	90.5776
47.733	90.5773
47.750	90.5772
47.767	90.5771
47.783	90.5770
47.800	90.5768
47.817	90.5765
47.833	90.5762
47.850	90.5760
47.867	90.5755
47.883	90.5753
47.900	90.5751
47.917	90.5748
47.933	90.5744
47.950	90.5738
47.967	90.5732
47.983	90.5730
48.000	90.5727
48.017	90.5721
48.033	90.5714
48.050	90.5707
48.067	90.5701
48.083	90.5692
48.100	90.5687
48.117	90.5677
48.133	90.5667
48.150	90.5658
48.167	90.5648
48.183	90.5636
48.200	90.5623
48.217	90.5609
48.233	90.5596
48.250	90.5583
48.267	90.5571
48.283	90.5556
48.300	90.5543
48.317	90.5527
48.333	90.5511
48.350	90.5495
48.367	90.5482
48.383	90.5467
48.400	90.5453
48.417	90.5436
48.433	90.5421
48.450	90.5406
48.467	90.5392
48.483	90.5380
48.500	90.5367
48.517	90.5353
48.533	90.5337
48.550	90.5321
48.567	90.5306
48.583	90.5292
48.600	90.5279
48.617	90.5266
48.633	90.5252
48.650	90.5239
48.667	90.5226
48.683	90.5212
48.700	90.5199
48.717	90.5186
48.733	90.5173
48.750	90.5161
48.767	90.5149
48.783	90.5137
48.800	90.5124
48.817	90.5112
48.833	90.5099
48.850	90.5086
48.867	90.5074
48.883	90.5062
48.900	90.5050
48.917	90.5039
48.933	90.5028
48.950	90.5017
48.967	90.5006
48.983	90.4995
49.000	90.4983
49.017	90.4971
49.033	90.4959
49.050	90.4948
49.067	90.4938
49.083	90.4928
49.100	90.4917
49.117	90.4906
49.133	90.4896
49.150	90.4886
49.167	90.4874
49.183	90.4863
49.200	90.4853
49.217	90.4841
49.233	90.4829
49.250	90.4819
49.267	90.4808
49.283	90.4797
49.300	90.4788
49.317	90.4777
49.333	90.4766
49.350	90.4756
49.367	90.4745
49.383	90.4735
49.400	90.4725
49.417	90.4715
49.433	90.4704
49.450	90.4694
49.467	90.4683
49.483	90.4672
49.500	90.4662
49.517	90.4650
49.533	90.4641
49.550	90.4632
49.567	90.4623
49.583	90.4615
49.600	90.4607
49.617	90.4600
49.633	90.4590
49.650	90.4580
49.667	90.4570
49.683	90.4559
49.700	90.4549
49.717	90.4540
49.733	90.4530
49.750	90.4521
49.767	90.4514
49.783	90.4507
49.800	90.4497
49.817	90.4485
49.833	90.4475
49.850	90.4467
49.867	90.4460
49.883	90.4451
49.900	90.4440
49.917	90.4428
49.933	90.4418
49.950	90.4409
49.967	90.4401
49.983	90.4393
50.000	90.4384
50.017	90.4373
50.033	90.4362
50.050	90.4351
50.067	90.4343
50.083	90.4335
50.100	90.4328
50.117	90.4322
50.133	90.4314
50.150	90.4305
50.167	90.4296
50.183	90.4287
50.200	90.4279
50.217	90.4269
50.233	90.4260
50.250	90.4256
50.267	90.4248
50.283	90.4239
50.300	90.4230
50.317	90.4221
50.333	90.4210
50.350	90.4200
50.367	90.4190
50.383	90.4181
50.400	90.4173
50.417	90.4166
50.433	90.4159
50.450	90.4152
50.467	90.4144
50.483	90.4136
50.500	90.4126
50.517	90.4118
50.533	90.4109
50.550	90.4101
50.567	90.4094
50.583	90.4086
50.600	90.4078
50.617	90.4070
50.633	90.4061
50.650	90.4051
50.667	90.4042
50.683	90.4035
50.700	90.4028
50.717	90.4020
50.733	90.4012
50.750	90.4004
50.767	90.3996
50.783	90.3988
50.800	90.3981
50.817	90.3973
50.833	90.3964
50.850	90.3957
50.867	90.3949
50.883	90.3941
50.900	90.3933
50.917	90.3926
50.933	90.3918
50.950	90.3910
50.967	90.3903
50.983	90.3894
51.000	90.3886
51.017	90.3879
51.033	90.3873
51.050	90.3867
51.067	90.3859
51.083	90.3850
51.100	90.3842
51.117	90.3833
51.133	90.3824
51.150	90.3818
51.167	90.3812
51.183	90.3805
51.200	90.3797
51.217	90.3787
51.233	90.3778
51.250	90.3768
51.267	90.3761
51.283	90.3756
51.300	90.3751
51.317	90.3745
51.333	90.3738
51.350	90.3731
51.367	90.3722
51.383	90.3714
51.400	90.3706
51.417	90.3700
51.433	90.3693
51.450	90.3686
51.467	90.3679
51.483	90.3670
51.500	90.3662
51.517	90.3653
51.533	90.3645
51.550	90.3638
51.567	90.3630
51.583	90.3624
51.600	90.3617
51.617	90.3610
51.633	90.3603
51.650	90.3596
51.667	90.3589
51.683	90.3582
51.700	90.3576
51.717	90.3569
51.733	90.3561
51.750	90.3555
51.767	90.3549
51.783	90.3543
51.800	90.3536
51.817	90.3528
51.833	90.3521
51.850	90.3514
51.867	90.3509
51.883	90.3504
51.900	90.3498
51.917	90.3489
51.933	90.3481
51.950	90.3474
51.967	90.3467
51.983	90.3459
52.000	90.3453
52.017	90.3447
52.033	90.3441
52.050	90.3435
52.067	90.3427
52.083	90.3420
52.100	90.3412
52.117	90.3405
52.133	90.3398
52.150	90.3391
52.167	90.3385
52.183	90.3378
52.200	90.3370
52.217	90.3364
52.233	90.3357
52.250	90.3351
52.267	90.3344
52.283	90.3337
52.300	90.3329
52.317	90.3321
52.333	90.3314
52.350	90.3307
52.367	90.3303
52.383	90.3299
52.400	90.3296
52.417	90.3289
52.433	90.3282
52.450	90.3273
52.467	90.3266
52.483	90.3258
52.500	90.3250
52.517	90.3243
52.533	90.3237
52.550	90.3231
52.567	90.3224
52.583	90.3218
52.600	90.3212
52.617	90.3207
52.633	90.3201
52.650	90.3194
52.667	90.3185
52.683	90.3178
52.700	90.3172
52.717	90.3166
52.733	90.3161
52.750	90.3157
52.767	90.3151
52.783	90.3144
52.800	90.3137
52.817	90.3132
52.833	90.3126
52.850	90.3119
52.867	90.3114
52.883	90.3107
52.900	90.3100
52.917	90.3094
52.933	90.3087
52.950	90.3080
52.967	90.3074
52.983	90.3069
53.000	90.3065
53.017	90.3059
53.033	90.3055
53.050	90.3050
53.067	90.3043
53.083	90.3036
53.100	90.3029
53.117	90.3023
53.133	90.3016
53.150	90.3010
53.167	90.3004
53.183	90.2998
53.200	90.2992
53.217	90.2986
53.233	90.2979
53.250	90.2975
53.267	90.2971
53.283	90.2964
53.300	90.2957
53.317	90.2951
53.333	90.2945
53.350	90.2940
53.367	90.2934
53.383	90.2928
53.400	90.2922
53.417	90.2917
53.433	90.2912
53.450	90.2907
53.467	90.2900
53.483	90.2893
53.500	90.2885
53.517	90.2879
53.533	90.2875
53.550	90.2871
53.567	90.2865
53.583	90.2859
53.600	90.2852
53.617	90.2846
53.633	90.2840
53.650	90.2835
53.667	90.2830
53.683	90.2827
53.700	90.2822
53.717	90.2815
53.733	90.2809
53.750	90.2802
53.767	90.2795
53.783	90.2789
53.800	90.2783
53.817	90.2777
53.833	90.2771
53.850	90.2766
53.867	90.2762
53.883	90.2757
53.900	90.2752
53.917	90.2747
53.933	90.2741
53.950	90.2734
53.967	90.2728
53.983	90.2722
54.000	90.2714
54.017	90.2708
54.033	90.2705
54.050	90.2701
54.067	90.2697
54.083	90.2692
54.100	90.2687
54.117	90.2683
54.133	90.2678
54.150	90.2674
54.167	90.2669
54.183	90.2663
54.200	90.2657
54.217	90.2651
54.233	90.2644
54.250	90.2638
54.267	90.2633
54.283	90.2629
54.300	90.2625
54.317	90.2620
54.333	90.2614
54.350	90.2609
54.367	90.2603
54.383	90.2598
54.400	90.2594
54.417	90.2589
54.433	90.2584
54.450	90.2578
54.467	90.2574
54.483	90.2569
54.500	90.2564
54.517	90.2561
54.533	90.2555
54.550	90.2549
54.567	90.2544
54.583	90.2537
54.600	90.2532
54.617	90.2528
54.633	90.2524
54.650	90.2520
54.667	90.2515
54.683	90.2509
54.700	90.2500
54.717	90.2493
54.733	90.2489
54.750	90.2485
54.767	90.2480
54.783	90.2475
54.800	90.2470
54.817	90.2466
54.833	90.2462
54.850	90.2458
54.867	90.2453
54.883	90.2449
54.900	90.2443
54.917	90.2439
54.933	90.2433
54.950	90.2427
54.967	90.2422
54.983	90.2417
55.000	90.2412
55.017	90.2407
55.033	90.2404
55.050	90.2401
55.067	90.2396
55.083	90.2391
55.100	90.2386
55.117	90.2380
55.133	90.2374
55.150	90.2369
55.167	90.2365
55.183	90.2359
55.200	90.2354
55.217	90.2349
55.233	90.2345
55.250	90.2342
55.267	90.2337
55.283	90.2333
55.300	90.2328
55.317	90.2324
55.333	90.2318
55.350	90.2312
55.367	90.2306
55.383	90.2302
55.400	90.2298
55.417	90.2294
55.433	90.2289
55.450	90.2285
55.467	90.2280
55.483	90.2274
55.500	90.2268
55.517	90.2264
55.533	90.2260
55.550	90.2257
55.567	90.2253
55.583	90.2249
55.600	90.2245
55.617	90.2239
55.633	90.2234
55.650	90.2229
55.667	90.2223
55.683	90.2217
55.700	90.2213
55.717	90.2208
55.733	90.2204
55.750	90.2200
55.767	90.2195
55.783	90.2191
55.800	90.2186
55.817	90.2182
55.833	90.2177
55.850	90.2173
55.867	90.2168
55.883	90.2164
55.900	90.2159
55.917	90.2155
55.933	90.2151
55.950	90.2146
55.967	90.2141
55.983	90.2137
56.000	90.2132
56.017	90.2128
56.033	90.2123
56.050	90.2119
56.067	90.2114
56.083	90.2110
56.100	90.2104
56.117	90.2099
56.133	90.2094
56.150	90.2089
56.167	90.2086
56.183	90.2083
56.200	90.2080
56.217	90.2076
56.233	90.2070
56.250	90.2065
56.267	90.2061
56.283	90.2057
56.300	90.2053
56.317	90.2049
56.333	90.2043
56.350	90.2039
56.367	90.2035
56.383	90.2031
56.400	90.2027
56.417	90.2023
56.433	90.2020
56.450	90.2016
56.467	90.2013
56.483	90.2009
56.500	90.2004
56.517	90.1999
56.533	90.1994
56.550	90.1989
56.567	90.1984
56.583	90.1980
56.600	90.1976
56.617	90.1972
56.633	90.1967
56.650	90.1962
56.667	90.1958
56.683	90.1955
56.700	90.1951
56.717	90.1948
56.733	90.1944
56.750	90.1941
56.767	90.1937
56.783	90.1933
56.800	90.1928
56.817	90.1924
56.833	90.1918
56.850	90.1914
56.867	90.1909
56.883	90.1905
56.900	90.1900
56.917	90.1895
56.933	90.1889
56.950	90.1885
56.967	90.1881
56.983	90.1878
57.000	90.1875
57.017	90.1871
57.033	90.1866
57.050	90.1861
57.067	90.1857
57.083	90.1855
57.100	90.1850
57.117	90.1846
57.133	90.1843
57.150	90.1839
57.167	90.1835
57.183	90.1831
57.200	90.1827
57.217	90.1823
57.233	90.1819
57.250	90.1815
57.267	90.1812
57.283	90.1808
57.300	90.1803
57.317	90.1800
57.333	90.1796
57.350	90.1793
57.367	90.1788
57.383	90.1782
57.400	90.1777
57.417	90.1772
57.433	90.1768
57.450	90.1764
57.467	90.1760
57.483	90.1756
57.500	90.1752
57.517	90.1751
57.533	90.1748
57.550	90.1744
57.567	90.1739
57.583	90.1735
57.600	90.1730
57.617	90.1725
57.633	90.1721
57.650	90.1716
57.667	90.1712
57.683	90.1708
57.700	90.1704
57.717	90.1701
57.733	90.1697
57.750	90.1693
57.767	90.1690
57.783	90.1687
57.800	90.1682
57.817	90.1678
57.833	90.1673
57.850	90.1668
57.867	90.1662
57.883	90.1659
57.900	90.1657
57.917	90.1654
57.933	90.1651
57.950	90.1647
57.967	90.1644
57.983	90.1641
58.000	90.1636
58.017	90.1632
58.033	90.1629
58.050	90.1625
58.067	90.1621
58.083	90.1617
58.100	90.1614
58.117	90.1608
58.133	90.1604
58.150	90.1601
58.167	90.1596
58.183	90.1592
58.200	90.1588
58.217	90.1585
58.233	90.1582
58.250	90.1578
58.267	90.1575
58.283	90.1572
58.300	90.1567
58.317	90.1563
58.333	90.1560
58.350	90.1555
58.367	90.1552
58.383	90.1549
58.400	90.1546
58.417	90.1542
58.433	90.1538
58.450	90.1535
58.467	90.1531
58.483	90.1528
58.500	90.1525
58.517	90.1522
58.533	90.1519
58.550	90.1516
58.567	90.1512
58.583	90.1508
58.600	90.1505
58.617	90.1501
58.633	90.1496
58.650	90.1493
58.667	90.1490
58.683	90.1486
58.700	90.1482
58.717	90.1477
58.733	90.1474
58.750	90.1473
58.767	90.1468
58.783	90.1463
58.800	90.1459
58.817	90.1455
58.833	90.1451
58.850	90.1446
58.867	90.1442
58.883	90.1438
58.900	90.1434
58.917	90.1430
58.933	90.1427
58.950	90.1425
58.967	90.1423
58.983	90.1420
59.000	90.1419
59.017	90.1416
59.033	90.1415
59.050	90.1413
59.067	90.1410
59.083	90.1405
59.100	90.1399
59.117	90.1393
59.133	90.1388
59.150	90.1384
59.167	90.1381
59.183	90.1379
59.200	90.1374
59.217	90.1370
59.233	90.1367
59.250	90.1365
59.267	90.1362
59.283	90.1358
59.300	90.1355
59.317	90.1352
59.333	90.1349
59.350	90.1347
59.367	90.1345
59.383	90.1343
59.400	90.1339
59.417	90.1334
59.433	90.1330
59.450	90.1326
59.467	90.1323
59.483	90.1320
59.500	90.1317
59.517	90.1313
59.533	90.1310
59.550	90.1307
59.567	90.1305
59.583	90.1301
59.600	90.1297
59.617	90.1295
59.633	90.1290
59.650	90.1286
59.667	90.1284
59.683	90.1280
59.700	90.1276
59.717	90.1273
59.733	90.1269
59.750	90.1266
59.767	90.1263
59.783	90.1259
59.800	90.1255
59.817	90.1252
59.833	90.1251
59.850	90.1248
59.867	90.1244
59.883	90.1240
59.900	90.1237
59.917	90.1232
59.933	90.1228
59.950	90.1225
59.967	90.1221
59.983	90.1217
60.000	90.1214
60.017	90.1213
60.033	90.1210
60.050	90.1206
60.067	90.1201
60.083	90.1196
60.100	90.1192
60.117	90.1188
60.133	90.1184
60.150	90.1178
60.167	90.1174
60.183	90.1173
60.200	90.1174
60.217	90.1172
60.233	90.1169
60.250	90.1165
60.267	90.1161
60.283	90.1157
60.300	90.1154
60.317	90.1150
60.333	90.1145
60.350	90.1142
60.367	90.1139
60.383	90.1137
60.400	90.1134
60.417	90.1130
60.433	90.1126
60.450	90.1122
60.467	90.1119
60.483	90.1114
60.500	90.1111
60.517	90.1106
60.533	90.1103
60.550	90.1100
60.567	90.1098
60.583	90.1097
60.600	90.1096
60.617	90.1094
60.633	90.1090
60.650	90.1085
60.667	90.1081
60.683	90.1076
60.700	90.1071
60.717	90.1066
60.733	90.1062
60.750	90.1059
60.767	90.1057
60.783	90.1056
60.800	90.1054
60.817	90.1052
60.833	90.1048
60.850	90.1044
60.867	90.1040
60.883	90.1038
60.900	90.1035
60.917	90.1033
60.933	90.1030
60.950	90.1027
60.967	90.1024
60.983	90.1020
61.000	90.1017
61.017	90.1015
61.033	90.1013
61.050	90.1011
61.067	90.1008
61.083	90.1005
61.100	90.1003
61.117	90.0999
61.133	90.0995
61.150	90.0993
61.167	90.0991
61.183	90.0987
61.200	90.0983
61.217	90.0978
61.233	90.0975
61.250	90.0971
61.267	90.0967
61.283	90.0965
61.300	90.0963
61.317	90.0960
61.333	90.0955
61.350	90.0952
61.367	90.0950
61.383	90.0947
61.400	90.0944
61.417	90.0940
61.433	90.0936
61.450	90.0934
61.467	90.0932
61.483	90.0930
61.500	90.0928
61.517	90.0924
61.533	90.0921
61.550	90.0918
61.567	90.0914
61.583	90.0912
61.600	90.0908
61.617	90.0905
61.633	90.0901
61.650	90.0898
61.667	90.0895
61.683	90.0891
61.700	90.0889
61.717	90.0887
61.733	90.0883
61.750	90.0879
61.767	90.0877
61.783	90.0876
61.800	90.0874
61.817	90.0871
61.833	90.0867
61.850	90.0863
61.867	90.0859
61.883	90.0855
61.900	90.0852
61.917	90.0849
61.933	90.0846
61.950	90.0843
61.967	90.0840
61.983	90.0838
62.000	90.0836
62.017	90.0833
62.033	90.0830
62.050	90.0826
62.067	90.0824
62.083	90.0822
62.100	90.0820
62.117	90.0818
62.133	90.0815
62.150	90.0811
62.167	90.0807
62.183	90.0804
62.200	90.0800
62.217	90.0796
62.233	90.0794
62.250	90.0793
62.267	90.0792
62.283	90.0789
62.300	90.0783
62.317	90.0781
62.333	90.0778
62.350	90.0775
62.367	90.0772
62.383	90.0771
62.400	90.0768
62.417	90.0764
62.433	90.0761
62.450	90.0757
62.467	90.0755
62.483	90.0754
62.500	90.0751
62.517	90.0747
62.533	90.0744
62.550	90.0740
62.567	90.0736
62.583	90.0734
62.600	90.0732
62.617	90.0731
62.633	90.0729
62.650	90.0725
62.667	90.0721
62.683	90.0717
62.700	90.0714
62.717	90.0712
62.733	90.0710
62.750	90.0706
62.767	90.0702
62.783	90.0699
62.800	90.0695
62.817	90.0692
62.833	90.0690
62.850	90.0688
62.867	90.0686
62.883	90.0683
62.900	90.0680
62.917	90.0677
62.933	90.0675
62.950	90.0673
62.967	90.0671
62.983	90.0669
63.000	90.0667
63.017	90.0663
63.033	90.0660
63.050	90.0657
63.067	90.0654
63.083	90.0651
63.100	90.0647
63.117	90.0644
63.133	90.0642
63.150	90.0639
63.167	90.0636
63.183	90.0634
63.200	90.0632
63.217	90.0628
63.233	90.0625
63.250	90.0620
63.267	90.0616
63.283	90.0612
63.300	90.0611
63.317	90.0609
63.333	90.0608
63.350	90.0607
63.367	90.0605
63.383	90.0602
63.400	90.0598
63.417	90.0596
63.433	90.0592
63.450	90.0588
63.467	90.0585
63.483	90.0583
63.500	90.0581
63.517	90.0578
63.533	90.0575
63.550	90.0571
63.567	90.0572
63.583	90.0570
63.600	90.0566
63.617	90.0561
63.633	90.0557
63.650	90.0553
63.667	90.0548
63.683	90.0546
63.700	90.0544
63.717	90.0542
63.733	90.0540
63.750	90.0539
63.767	90.0536
63.783	90.0534
63.800	90.0531
63.817	90.0528
63.833	90.0524
63.850	90.0521
63.867	90.0519
63.883	90.0517
63.900	90.0518
63.917	90.0516
63.933	90.0512
63.950	90.0510
63.967	90.0504
63.983	90.0498
64.000	90.0495
64.017	90.0492
64.033	90.0490
64.050	90.0487
64.067	90.0485
64.083	90.0484
64.100	90.0479
64.117	90.0475
64.133	90.0472
64.150	90.0468
64.167	90.0466
64.183	90.0464
64.200	90.0460
64.217	90.0458
64.233	90.0456
64.250	90.0455
64.267	90.0451
64.283	90.0448
64.300	90.0444
64.317	90.0442
64.333	90.0439
64.350	90.0437
64.367	90.0436
64.383	90.0434
64.400	90.0432
64.417	90.0429
64.433	90.0427
64.450	90.0423
64.467	90.0419
64.483	90.0418
64.500	90.0418
64.517	90.0417
64.533	90.0415
64.550	90.0412
64.567	90.0408
64.583	90.0405
64.600	90.0402
64.617	90.0399
64.633	90.0397
64.650	90.0393
64.667	90.0390
64.683	90.0386
64.700	90.0382
64.717	90.0379
64.733	90.0376
64.750	90.0374
64.767	90.0375
64.783	90.0375
64.800	90.0371
64.817	90.0368
64.833	90.0365
64.850	90.0360
64.867	90.0354
64.883	90.0351
64.900	90.0347
64.917	90.0344
64.933	90.0342
64.950	90.0338
64.967	90.0334
64.983	90.0331
65.000	90.0329
65.017	90.0326
65.033	90.0324
65.050	90.0321
65.067	90.0319
65.083	90.0318
65.100	90.0315
65.117	90.0313
65.133	90.0310
65.150	90.0308
65.167	90.0305
65.183	90.0304
65.200	90.0303
65.217	90.0301
65.233	90.0299
65.250	90.0295
65.267	90.0292
65.283	90.0288
65.300	90.0283
65.317	90.0281
65.333	90.0279
65.350	90.0276
65.367	90.0273
65.383	90.0270
65.400	90.0267
65.417	90.0263
65.433	90.0259
65.450	90.0253
65.467	90.0251
65.483	90.0249
65.500	90.0247
65.517	90.0244
65.533	90.0243
65.550	90.0241
65.567	90.0238
65.583	90.0236
65.600	90.0234
65.617	90.0232
65.633	90.0229
65.650	90.0226
65.667	90.0223
65.683	90.0220
65.700	90.0216
65.717	90.0212
65.733	90.0208
65.750	90.0206
65.767	90.0206
65.783	90.0205
65.800	90.0202
65.817	90.0200
65.833	90.0196
65.850	90.0193
65.867	90.0190
65.883	90.0187
65.900	90.0185
65.917	90.0183
65.933	90.0180
65.950	90.0177
65.967	90.0172
65.983	90.0168
66.000	90.0165
66.017	90.0164
66.033	90.0162
66.050	90.0159
66.067	90.0156
66.083	90.0153
66.100	90.0149
66.117	90.0147
66.133	90.0144
66.150	90.0140
66.167	90.0138
66.183	90.0135
66.200	90.0130
66.217	90.0128
66.233	90.0126
66.250	90.0124
66.267	90.0122
66.283	90.0120
66.300	90.0117
66.317	90.0116
66.333	90.0116
66.350	90.0114
66.367	90.0110
66.383	90.0106
66.400	90.0103
66.417	90.0101
66.433	90.0097
66.450	90.0094
66.467	90.0092
66.483	90.0091
66.500	90.0088
66.517	90.0085
66.533	90.0081
66.550	90.0077
66.567	90.0073
66.583	90.0072
66.600	90.0069
66.617	90.0065
66.633	90.0061
66.650	90.0056
66.667	90.0053
66.683	90.0051
66.700	90.0050
66.717	90.0048
66.733	90.0045
66.750	90.0044
66.767	90.0041
66.783	90.0039
66.800	90.0036
66.817	90.0033
66.833	90.0031
66.850	90.0028
66.867	90.0025
66.883	90.0023
66.900	90.0020
66.917	90.0018
66.933	90.0016
66.950	90.0013
66.967	90.0009
66.983	90.0006
67.000	90.0004
67.017	90.0000
67.033	89.9996
67.050	89.9992
67.067	89.9988
67.083	89.9986
67.100	89.9986
67.117	89.9984
67.133	89.9983
67.150	89.9980
67.167	89.9976
67.183	89.9972
67.200	89.9968
67.217	89.9966
67.233	89.9964
67.250	89.9963
67.267	89.9960
67.283	89.9957
67.300	89.9953
67.317	89.9950
67.333	89.9949
67.350	89.9947
67.367	89.9944
67.383	89.9941
67.400	89.9938
67.417	89.9935
67.433	89.9934
67.450	89.9930
67.467	89.9927
67.483	89.9923
67.500	89.9920
67.517	89.9917
67.533	89.9915
67.550	89.9913
67.567	89.9911
67.583	89.9908
67.600	89.9905
67.617	89.9902
67.633	89.9899
67.650	89.9895
67.667	89.9892
67.683	89.9889
67.700	89.9887
67.717	89.9886
67.733	89.9882
67.750	89.9877
67.767	89.9874
67.783	89.9873
67.800	89.9869
67.817	89.9867
67.833	89.9864
67.850	89.9862
67.867	89.9859
67.883	89.9855
67.900	89.9851
67.917	89.9848
67.933	89.9846
67.950	89.9845
67.967	89.9844
67.983	89.9843
68.000	89.9841
68.017	89.9839
68.033	89.9837
68.050	89.9834
68.067	89.9831
68.083	89.9828
68.100	89.9826
68.117	89.9822
68.133	89.9817
68.150	89.9812
68.167	89.9810
68.183	89.9810
68.200	89.9809
68.217	89.9806
68.233	89.9801
68.250	89.9795
68.267	89.9792
68.283	89.9787
68.300	89.9783
68.317	89.9779
68.333	89.9776
68.350	89.9774
68.367	89.9773
68.383	89.9771
68.400	89.9769
68.417	89.9767
68.433	89.9763
68.450	89.9761
68.467	89.9759
68.483	89.9755
68.500	89.9752
68.517	89.9749
68.533	89.9746
68.550	89.9743
68.567	89.9741
68.583	89.9740
68.600	89.9737
68.617	89.9733
68.633	89.9731
68.650	89.9728
68.667	89.9726
68.683	89.9723
68.700	89.9721
68.717	89.9717
68.733	89.9714
68.750	89.9711
68.767	89.9707
68.783	89.9702
68.800	89.9698
68.817	89.9696
68.833	89.9695
68.850	89.9693
68.867	89.9690
68.883	89.9686
68.900	89.9683
68.917	89.9680
68.933	89.9678
68.950	89.9675
68.967	89.9673
68.983	89.9670
69.000	89.9667
69.017	89.9665
69.033	89.9662
69.050	89.9658
69.067	89.9654
69.083	89.9651
69.100	89.9646
69.117	89.9644
69.133	89.9641
69.150	89.9639
69.167	89.9638
69.183	89.9635
69.200	89.9632
69.217	89.9629
69.233	89.9627
69.250	89.9625
69.267	89.9621
69.283	89.9618
69.300	89.9614
69.317	89.9610
69.333	89.9606
69.350	89.9604
69.367	89.9601
69.383	89.9598
69.400	89.9595
69.417	89.9592
69.433	89.9591
69.450	89.9590
69.467	89.9588
69.483	89.9584
69.500	89.9580
69.517	89.9576
69.533	89.9573
69.550	89.9569
69.567	89.9568
69.583	89.9566
69.600	89.9564
69.617	89.9561
69.633	89.9558
69.650	89.9554
69.667	89.9550
69.683	89.9546
69.700	89.9541
69.717	89.9537
69.733	89.9532
69.750	89.9528
69.767	89.9528
69.783	89.9528
69.800	89.9526
69.817	89.9524
69.833	89.9523
69.850	89.9521
69.867	89.9517
69.883	89.9512
69.900	89.9508
69.917	89.9505
69.933	89.9502
69.950	89.9500
69.967	89.9497
69.983	89.9493
70.000	89.9490
70.017	89.9485
70.033	89.9482
70.050	89.9480
70.067	89.9479
70.083	89.9477
70.100	89.9475
70.117	89.9471
70.133	89.9467
70.150	89.9463
70.167	89.9456
70.183	89.9451
70.200	89.9448
70.217	89.9446
70.233	89.9443
70.250	89.9439
70.267	89.9436
70.283	89.9434
70.300	89.9432
70.317	89.9429
70.333	89.9426
70.350	89.9424
70.367	89.9422
70.383	89.9421
70.400	89.9419
70.417	89.9417
70.433	89.9414
70.450	89.9410
70.467	89.9405
70.483	89.9401
70.500	89.9397
70.517	89.9394
70.533	89.9390
70.550	89.9387
70.567	89.9385
70.583	89.9383
70.600	89.9381
70.617	89.9378
70.633	89.9376
70.650	89.9372
70.667	89.9369
70.683	89.9366
70.700	89.9363
70.717	89.9360
70.733	89.9358
70.750	89.9353
70.767	89.9349
70.783	89.9346
70.800	89.9344
70.817	89.9341
70.833	89.9339
70.850	89.9336
70.867	89.9332
70.883	89.9327
70.900	89.9324
70.917	89.9322
70.933	89.9320
70.950	89.9318
70.967	89.9316
70.983	89.9313
71.000	89.9309
71.017	89.9305
71.033	89.9302
71.050	89.9300
71.067	89.9298
71.083	89.9294
71.100	89.9290
71.117	89.9286
71.133	89.9282
71.150	89.9278
71.167	89.9276
71.183	89.9273
71.200	89.9271
71.217	89.9269
71.233	89.9268
71.250	89.9266
71.267	89.9263
71.283	89.9258
71.300	89.9255
71.317	89.9251
71.333	89.9248
71.350	89.9245
71.367	89.9242
71.383	89.9239
71.400	89.9235
71.417	89.9231
71.433	89.9228
71.450	89.9225
71.467	89.9221
71.483	89.9218
71.500	89.9215
71.517	89.9213
71.533	89.9210
71.550	89.9208
71.567	89.9205
71.583	89.9201
71.600	89.9199
71.617	89.9195
71.633	89.9191
71.650	89.9187
71.667	89.9184
71.683	89.9181
71.700	89.9177
71.717	89.9174
71.733	89.9171
71.750	89.9168
71.767	89.9168
71.783	89.9165
71.800	89.9161
71.817	89.9158
71.833	89.9154
71.850	89.9152
71.867	89.9148
71.883	89.9144
71.900	89.9142
71.917	89.9138
71.933	89.9136
71.950	89.9133
71.967	89.9129
71.983	89.9127
72.000	89.9125
72.017	89.9121
72.033	89.9117
72.050	89.9114
72.067	89.9112
72.083	89.9109
72.100	89.9105
72.117	89.9102
72.133	89.9099
72.150	89.9095
72.167	89.9090
72.183	89.9086
72.200	89.9083
72.217	89.9081
72.233	89.9078
72.250	89.9074
72.267	89.9070
72.283	89.9065
72.300	89.9060
72.317	89.9054
72.333	89.9050
72.350	89.9048
72.367	89.9045
72.383	89.9042
72.400	89.9041
72.417	89.9038
72.433	89.9035
72.450	89.9031
72.467	89.9027
72.483	89.9024
72.500	89.9021
72.517	89.9019
72.533	89.9017
72.550	89.9014
72.567	89.9009
72.583	89.9006
72.600	89.9003
72.617	89.8999
72.633	89.8996
72.650	89.8992
72.667	89.8990
72.683	89.8987
72.700	89.8983
72.717	89.8979
72.733	89.8976
72.750	89.8974
72.767	89.8970
72.783	89.8966
72.800	89.8963
72.817	89.8960
72.833	89.8958
72.850	89.8955
72.867	89.8954
72.883	89.8951
72.900	89.8948
72.917	89.8945
72.933	89.8944
72.950	89.8944
72.967	89.8940
72.983	89.8935
73.000	89.8931
73.017	89.8926
73.033	89.8921
73.050	89.8917
73.067	89.8912
73.083	89.8908
73.100	89.8904
73.117	89.8901
73.133	89.8896
73.150	89.8894
73.167	89.8892
73.183	89.8889
73.200	89.8885
73.217	89.8882
73.233	89.8878
73.250	89.8874
73.267	89.8868
73.283	89.8864
73.300	89.8863
73.317	89.8861
73.333	89.8858
73.350	89.8855
73.367	89.8853
73.383	89.8851
73.400	89.8849
73.417	89.8845
73.433	89.8842
73.450	89.8838
73.467	89.8834
73.483	89.8830
73.500	89.8827
73.517	89.8824
73.533	89.8821
73.550	89.8819
73.567	89.8816
73.583	89.8812
73.600	89.8809
73.617	89.8805
73.633	89.8801
73.650	89.8798
73.667	89.8795
73.683	89.8792
73.700	89.8789
73.717	89.8785
73.733	89.8781
73.750	89.8778
73.767	89.8775
73.783	89.8771
73.800	89.8767
73.817	89.8764
73.833	89.8760
73.850	89.8757
73.867	89.8753
73.883	89.8750
73.900	89.8746
73.917	89.8743
73.933	89.8739
73.950	89.8735
73.967	89.8732
73.983	89.8729
74.000	89.8726
74.017	89.8722
74.033	89.8719
74.050	89.8715
74.067	89.8712
74.083	89.8709
74.100	89.8708
74.117	89.8705
74.133	89.8703
74.150	89.8700
74.167	89.8695
74.183	89.8690
74.200	89.8687
74.217	89.8684
74.233	89.8681
74.250	89.8679
74.267	89.8677
74.283	89.8674
74.300	89.8669
74.317	89.8664
74.333	89.8660
74.350	89.8657
74.367	89.8653
74.383	89.8649
74.400	89.8646
74.417	89.8644
74.433	89.8640
74.450	89.8637
74.467	89.8632
74.483	89.8628
74.500	89.8625
74.517	89.8621
74.533	89.8619
74.550	89.8615
74.567	89.8612
74.583	89.8608
74.600	89.8604
74.617	89.8600
74.633	89.8597
74.650	89.8593
74.667	89.8590
74.683	89.8587
74.700	89.8585
74.717	89.8583
74.733	89.8581
74.750	89.8578
74.767	89.8575
74.783	89.8572
74.800	89.8569
74.817	89.8566
74.833	89.8563
74.850	89.8561
74.867	89.8556
74.883	89.8551
74.900	89.8547
74.917	89.8543
74.933	89.8541
74.950	89.8539
74.967	89.8537
74.983	89.8534
75.000	89.8530
75.017	89.8527
75.033	89.8523
75.050	89.8520
75.067	89.8516
75.083	89.8514
75.100	89.8510
75.117	89.8506
75.133	89.8502
75.150	89.8498
75.167	89.8496
75.183	89.8493
75.200	89.8489
75.217	89.8485
75.233	89.8482
75.250	89.8478
75.267	89.8476
75.283	89.8472
75.300	89.8468
75.317	89.8465
75.333	89.8461
75.350	89.8459
75.367	89.8454
75.383	89.8448
75.400	89.8445
75.417	89.8442
75.433	89.8440
75.450	89.8439
75.467	89.8437
75.483	89.8433
75.500	89.8429
75.517	89.8425
75.533	89.8422
75.550	89.8419
75.567	89.8416
75.583	89.8413
75.600	89.8410
75.617	89.8407
75.633	89.8404
75.650	89.8400
75.667	89.8397
75.683	89.8393
75.700	89.8390
75.717	89.8388
75.733	89.8384
75.750	89.8380
75.767	89.8375
75.783	89.8370
75.800	89.8367
75.817	89.8364
75.833	89.8360
75.850	89.8357
75.867	89.8353
75.883	89.8348
75.900	89.8343
75.917	89.8339
75.933	89.8336
75.950	89.8335
75.967	89.8334
75.983	89.8332
76.000	89.8331
76.017	89.8328
76.033	89.8324
76.050	89.8320
76.067	89.8315
76.083	89.8310
76.100	89.8306
76.117	89.8302
76.133	89.8299
76.150	89.8297
76.167	89.8293
76.183	89.8290
76.200	89.8286
76.217	89.8283
76.233	89.8280
76.250	89.8277
76.267	89.8273
76.283	89.8270
76.300	89.8266
76.317	89.8262
76.333	89.8259
76.350	89.8256
76.367	89.8252
76.383	89.8248
76.400	89.8246
76.417	89.8242
76.433	89.8239
76.450	89.8236
76.467	89.8233
76.483	89.8230
76.500	89.8227
76.517	89.8224
76.533	89.8221
76.550	89.8215
76.567	89.8209
76.583	89.8205
76.600	89.8201
76.617	89.8197
76.633	89.8193
76.650	89.8190
76.667	89.8188
76.683	89.8186
76.700	89.8182
76.717	89.8178
76.733	89.8175
76.750	89.8172
76.767	89.8168
76.783	89.8163
76.800	89.8160
76.817	89.8157
76.833	89.8153
76.850	89.8150
76.867	89.8148
76.883	89.8145
76.900	89.8142
76.917	89.8139
76.933	89.8135
76.950	89.8130
76.967	89.8126
76.983	89.8122
77.000	89.8119
77.017	89.8116
77.033	89.8112
77.050	89.8109
77.067	89.8105
77.083	89.8103
77.100	89.8099
77.117	89.8095
77.133	89.8091
77.150	89.8089
77.167	89.8085
77.183	89.8083
77.200	89.8080
77.217	89.8076
77.233	89.8073
77.250	89.8070
77.267	89.8064
77.283	89.8060
77.300	89.8057
77.317	89.8054
77.333	89.8049
77.350	89.8045
77.367	89.8042
77.383	89.8038
77.400	89.8035
77.417	89.8031
77.433	89.8028
77.450	89.8026
77.467	89.8022
77.483	89.8019
77.500	89.8016
77.517	89.8012
77.533	89.8009
77.550	89.8007
77.567	89.8003
77.583	89.7999
77.600	89.7996
77.617	89.7993
77.633	89.7988
77.650	89.7984
77.667	89.7981
77.683	89.7976
77.700	89.7973
77.717	89.7970
77.733	89.7967
77.750	89.7963
77.767	89.7960
77.783	89.7956
77.800	89.7952
77.817	89.7948
77.833	89.7945
77.850	89.7943
77.867	89.7942
77.883	89.7940
77.900	89.7936
77.917	89.7932
77.933	89.7927
77.950	89.7922
77.967	89.7919
77.983	89.7916
78.000	89.7914
78.017	89.7912
78.033	89.7909
78.050	89.7906
78.067	89.7901
78.083	89.7896
