Filename:	D:\Users\Thermal_Users\LeBlanc\Ag2_8_31_16.tg1d

Time (min)	Weight % (%)
0.000	99.9922
1.667e-002	99.9985
3.333e-002	100.0021
5.000e-002	100.0089
6.667e-002	100.0136
8.333e-002	100.0150
1.000e-001	100.0160
0.117	100.0204
0.133	100.0217
0.150	100.0211
0.167	100.0253
0.183	100.0257
0.200	100.0237
0.217	100.0158
0.233	100.0111
0.250	100.0069
0.267	99.9993
0.283	99.9961
0.300	99.9977
0.317	99.9999
0.333	100.0030
0.350	100.0035
0.367	100.0015
0.383	99.9994
0.400	99.9968
0.417	99.9950
0.433	99.9943
0.450	99.9943
0.467	99.9930
0.483	99.9946
0.500	99.9961
0.517	99.9956
0.533	99.9949
0.550	99.9945
0.567	99.9941
0.583	99.9936
0.600	99.9930
0.617	99.9928
0.633	99.9925
0.650	99.9924
0.667	99.9938
0.683	99.9987
0.700	100.0056
0.717	100.0074
0.733	100.0050
0.750	100.0038
0.767	100.0048
0.783	100.0076
0.800	100.0024
0.817	99.9994
0.833	99.9962
0.850	99.9942
0.867	99.9905
0.883	99.9873
0.900	99.9866
0.917	99.9863
0.933	99.9874
0.950	99.9885
0.967	99.9886
0.983	99.9880
1.000	99.9871
1.017	99.9867
1.033	99.9871
1.050	99.9881
1.067	99.9906
1.083	99.9924
1.100	99.9949
1.117	100.0038
1.133	100.0156
1.150	100.0255
1.167	100.0318
1.183	100.0349
1.200	100.0353
1.217	100.0337
1.233	100.0315
1.250	100.0308
1.267	100.0369
1.283	100.0328
1.300	100.0246
1.317	100.0211
1.333	100.0195
1.350	100.0199
1.367	100.0166
1.383	100.0120
1.400	100.0097
1.417	100.0050
1.433	100.0005
1.450	99.9973
1.467	99.9901
1.483	99.9790
1.500	99.9811
1.517	99.9841
1.533	99.9856
1.550	99.9851
1.567	99.9889
1.583	99.9904
1.600	99.9871
1.617	99.9823
1.633	99.9832
1.650	99.9861
1.667	99.9883
1.683	99.9878
1.700	99.9784
1.717	99.9670
1.733	99.9574
1.750	99.9519
1.767	99.9509
1.783	99.9481
1.800	99.9460
1.817	99.9443
1.833	99.9380
1.850	99.9276
1.867	99.9167
1.883	99.9078
1.900	99.9005
1.917	99.8931
1.933	99.8876
1.950	99.8828
1.967	99.8762
1.983	99.8665
2.000	99.8625
2.017	99.8562
2.033	99.8480
2.050	99.8415
2.067	99.8355
2.083	99.8285
2.100	99.8217
2.117	99.8133
2.133	99.8028
2.150	99.7977
2.167	99.7934
2.183	99.7886
2.200	99.7838
2.217	99.7824
2.233	99.7867
2.250	99.7921
2.267	99.7925
2.283	99.7778
2.300	99.7650
2.317	99.7552
2.333	99.7420
2.350	99.7337
2.367	99.7291
2.383	99.7181
2.400	99.7067
2.417	99.6970
2.433	99.6881
2.450	99.6799
2.467	99.6728
2.483	99.6668
2.500	99.6598
2.517	99.6521
2.533	99.6451
2.550	99.6370
2.567	99.6282
2.583	99.6226
2.600	99.6175
2.617	99.6110
2.633	99.6050
2.650	99.6000
2.667	99.5948
2.683	99.5895
2.700	99.5839
2.717	99.5781
2.733	99.5728
2.750	99.5670
2.767	99.5610
2.783	99.5549
2.800	99.5484
2.817	99.5401
2.833	99.5349
2.850	99.5305
2.867	99.5241
2.883	99.5159
2.900	99.5089
2.917	99.5029
2.933	99.4925
2.950	99.4809
2.967	99.4774
2.983	99.4750
3.000	99.4722
3.017	99.4682
3.033	99.4637
3.050	99.4588
3.067	99.4537
3.083	99.4486
3.100	99.4436
3.117	99.4339
3.133	99.4281
3.150	99.4230
3.167	99.4169
3.183	99.4136
3.200	99.4077
3.217	99.3985
3.233	99.3926
3.250	99.3884
3.267	99.3844
3.283	99.3801
3.300	99.3748
3.317	99.3690
3.333	99.3636
3.350	99.3577
3.367	99.3528
3.383	99.3461
3.400	99.3409
3.417	99.3362
3.433	99.3307
3.450	99.3257
3.467	99.3208
3.483	99.3159
3.500	99.3106
3.517	99.3055
3.533	99.3004
3.550	99.2957
3.567	99.2909
3.583	99.2855
3.600	99.2801
3.617	99.2746
3.633	99.2668
3.650	99.2609
3.667	99.2565
3.683	99.2519
3.700	99.2470
3.717	99.2418
3.733	99.2363
3.750	99.2305
3.767	99.2251
3.783	99.2191
3.800	99.2136
3.817	99.2082
3.833	99.2037
3.850	99.1995
3.867	99.1996
3.883	99.2017
3.900	99.1981
3.917	99.2061
3.933	99.2087
3.950	99.2042
3.967	99.2059
3.983	99.2036
4.000	99.1951
4.017	99.1926
4.033	99.1866
4.050	99.1797
4.067	99.1765
4.083	99.1769
4.100	99.1710
4.117	99.1602
4.133	99.1509
4.150	99.1442
4.167	99.1331
4.183	99.1228
4.200	99.1193
4.217	99.1235
4.233	99.1316
4.250	99.1351
4.267	99.1301
4.283	99.1262
4.300	99.1223
4.317	99.1075
4.333	99.0941
4.350	99.0853
4.367	99.0785
4.383	99.0675
4.400	99.0570
4.417	99.0480
4.433	99.0445
4.450	99.0450
4.467	99.0465
4.483	99.0404
4.500	99.0407
4.517	99.0334
4.533	99.0142
4.550	99.0021
4.567	99.0020
4.583	98.9957
4.600	98.9909
4.617	98.9848
4.633	98.9863
4.650	98.9869
4.667	98.9860
4.683	98.9837
4.700	98.9841
4.717	98.9762
4.733	98.9612
4.750	98.9518
4.767	98.9519
4.783	98.9443
4.800	98.9374
4.817	98.9321
4.833	98.9225
4.850	98.9158
4.867	98.9125
4.883	98.9143
4.900	98.9225
4.917	98.9262
4.933	98.9214
4.950	98.9102
4.967	98.9025
4.983	98.8925
5.000	98.8830
5.017	98.8743
5.033	98.8640
5.050	98.8575
5.067	98.8518
5.083	98.8478
5.100	98.8464
5.117	98.8523
5.133	98.8595
5.150	98.8645
5.167	98.8616
5.183	98.8515
5.200	98.8381
5.217	98.8278
5.233	98.8228
5.250	98.8190
5.267	98.8087
5.283	98.7966
5.300	98.7853
5.317	98.7732
5.333	98.7655
5.350	98.7755
5.367	98.7857
5.383	98.7841
5.400	98.7718
5.417	98.7580
5.433	98.7505
5.450	98.7565
5.467	98.7608
5.483	98.7555
5.500	98.7490
5.517	98.7422
5.533	98.7352
5.550	98.7305
5.567	98.7232
5.583	98.7161
5.600	98.7137
5.617	98.7121
5.633	98.7057
5.650	98.7062
5.667	98.7064
5.683	98.6982
5.700	98.6846
5.717	98.6722
5.733	98.6697
5.750	98.6738
5.767	98.6719
5.783	98.6737
5.800	98.6758
5.817	98.6758
5.833	98.6733
5.850	98.6683
5.867	98.6626
5.883	98.6554
5.900	98.6475
5.917	98.6379
5.933	98.6319
5.950	98.6277
5.967	98.6277
5.983	98.6281
6.000	98.6305
6.017	98.6253
6.033	98.6155
6.050	98.6113
6.067	98.6060
6.083	98.6027
6.100	98.6007
6.117	98.5931
6.133	98.5875
6.150	98.5818
6.167	98.5694
6.183	98.5600
6.200	98.5568
6.217	98.5580
6.233	98.5576
6.250	98.5545
6.267	98.5506
6.283	98.5465
6.300	98.5448
6.317	98.5396
6.333	98.5354
6.350	98.5241
6.367	98.5159
6.383	98.5236
6.400	98.5275
6.417	98.5242
6.433	98.5191
6.450	98.5164
6.467	98.5114
6.483	98.5054
6.500	98.5020
6.517	98.5018
6.533	98.5011
6.550	98.4977
6.567	98.4943
6.583	98.4899
6.600	98.4808
6.617	98.4730
6.633	98.4672
6.650	98.4645
6.667	98.4591
6.683	98.4536
6.700	98.4550
6.717	98.4556
6.733	98.4493
6.750	98.4414
6.767	98.4389
6.783	98.4349
6.800	98.4303
6.817	98.4210
6.833	98.4126
6.850	98.4105
6.867	98.4153
6.883	98.4166
6.900	98.4116
6.917	98.4029
6.933	98.3957
6.950	98.3917
6.967	98.3868
6.983	98.3840
7.000	98.3766
7.017	98.3756
7.033	98.3736
7.050	98.3748
7.067	98.3739
7.083	98.3734
7.100	98.3753
7.117	98.3734
7.133	98.3667
7.150	98.3611
7.167	98.3533
7.183	98.3515
7.200	98.3474
7.217	98.3429
7.233	98.3388
7.250	98.3355
7.267	98.3309
7.283	98.3202
7.300	98.3108
7.317	98.3051
7.333	98.3073
7.350	98.3070
7.367	98.3068
7.383	98.3093
7.400	98.3062
7.417	98.2985
7.433	98.2916
7.450	98.2875
7.467	98.2825
7.483	98.2774
7.500	98.2744
7.517	98.2720
7.533	98.2654
7.550	98.2628
7.567	98.2620
7.583	98.2670
7.600	98.2653
7.617	98.2609
7.633	98.2581
7.650	98.2562
7.667	98.2548
7.683	98.2523
7.700	98.2461
7.717	98.2420
7.733	98.2368
7.750	98.2350
7.767	98.2320
7.783	98.2264
7.800	98.2253
7.817	98.2196
7.833	98.2139
7.850	98.2102
7.867	98.2071
7.883	98.2004
7.900	98.1952
7.917	98.1919
7.933	98.1901
7.950	98.1895
7.967	98.1843
7.983	98.1785
8.000	98.1729
8.017	98.1660
8.033	98.1650
8.050	98.1649
8.067	98.1655
8.083	98.1651
8.100	98.1637
8.117	98.1630
8.133	98.1601
8.150	98.1539
8.167	98.1486
8.183	98.1448
8.200	98.1436
8.217	98.1409
8.233	98.1368
8.250	98.1350
8.267	98.1303
8.283	98.1237
8.300	98.1200
8.317	98.1193
8.333	98.1207
8.350	98.1238
8.367	98.1251
8.383	98.1261
8.400	98.1223
8.417	98.1138
8.433	98.1099
8.450	98.1016
8.467	98.0966
8.483	98.0924
8.500	98.0890
8.517	98.0845
8.533	98.0812
8.550	98.0766
8.567	98.0763
8.583	98.0754
8.600	98.0742
8.617	98.0733
8.633	98.0720
8.650	98.0661
8.667	98.0618
8.683	98.0566
8.700	98.0540
8.717	98.0498
8.733	98.0469
8.750	98.0477
8.767	98.0463
8.783	98.0471
8.800	98.0486
8.817	98.0445
8.833	98.0384
8.850	98.0324
8.867	98.0244
8.883	98.0206
8.900	98.0191
8.917	98.0175
8.933	98.0122
8.950	98.0080
8.967	98.0062
8.983	98.0020
9.000	97.9977
9.017	97.9923
9.033	97.9918
9.050	97.9916
9.067	97.9889
9.083	97.9874
9.100	97.9832
9.117	97.9781
9.133	97.9746
9.150	97.9704
9.167	97.9654
9.183	97.9622
9.200	97.9602
9.217	97.9574
9.233	97.9571
9.250	97.9582
9.267	97.9571
9.283	97.9552
9.300	97.9521
9.317	97.9468
9.333	97.9401
9.350	97.9315
9.367	97.9270
9.383	97.9256
9.400	97.9250
9.417	97.9228
9.433	97.9235
9.450	97.9213
9.467	97.9180
9.483	97.9153
9.500	97.9125
9.517	97.9127
9.533	97.9120
9.550	97.9069
9.567	97.9013
9.583	97.8984
9.600	97.8962
9.617	97.8948
9.633	97.8920
9.650	97.8887
9.667	97.8862
9.683	97.8837
9.700	97.8830
9.717	97.8799
9.733	97.8737
9.750	97.8697
9.767	97.8626
9.783	97.8571
9.800	97.8537
9.817	97.8534
9.833	97.8544
9.850	97.8523
9.867	97.8501
9.883	97.8482
9.900	97.8445
9.917	97.8342
9.933	97.8254
9.950	97.8199
9.967	97.8237
9.983	97.8238
10.000	97.8201
10.017	97.8180
10.033	97.8162
10.050	97.8155
10.067	97.8153
10.083	97.8138
10.100	97.8128
10.117	97.8035
10.133	97.7955
10.150	97.7908
10.167	97.7912
10.183	97.7929
10.200	97.7990
10.217	97.8023
10.233	97.8023
10.250	97.8057
10.267	97.8074
10.283	97.8028
10.300	97.7916
10.317	97.7855
10.333	97.7787
10.350	97.7728
10.367	97.7648
10.383	97.7614
10.400	97.7609
10.417	97.7626
10.433	97.7554
10.450	97.7500
10.467	97.7463
10.483	97.7470
10.500	97.7457
10.517	97.7441
10.533	97.7422
10.550	97.7364
10.567	97.7321
10.583	97.7317
10.600	97.7340
10.617	97.7328
10.633	97.7271
10.650	97.7219
10.667	97.7233
10.683	97.7194
10.700	97.7166
10.717	97.7152
10.733	97.7119
10.750	97.7079
10.767	97.7059
10.783	97.7019
10.800	97.6983
10.817	97.6970
10.833	97.6891
10.850	97.6806
10.867	97.6759
10.883	97.6726
10.900	97.6710
10.917	97.6693
10.933	97.6680
10.950	97.6683
10.967	97.6684
10.983	97.6707
11.000	97.6731
11.017	97.6723
11.033	97.6684
11.050	97.6663
11.067	97.6680
11.083	97.6682
11.100	97.6650
11.117	97.6625
11.133	97.6577
11.150	97.6507
11.167	97.6467
11.183	97.6430
11.200	97.6390
11.217	97.6366
11.233	97.6351
11.250	97.6342
11.267	97.6316
11.283	97.6308
11.300	97.6310
11.317	97.6301
11.333	97.6240
11.350	97.6184
11.367	97.6159
11.383	97.6163
11.400	97.6141
11.417	97.6099
11.433	97.6077
11.450	97.6065
11.467	97.6058
11.483	97.6038
11.500	97.5978
11.517	97.5909
11.533	97.5866
11.550	97.5853
11.567	97.5811
11.583	97.5774
11.600	97.5767
11.617	97.5751
11.633	97.5727
11.650	97.5722
11.667	97.5723
11.683	97.5707
11.700	97.5683
11.717	97.5626
11.733	97.5596
11.750	97.5588
11.767	97.5631
11.783	97.5618
11.800	97.5586
11.817	97.5544
11.833	97.5497
11.850	97.5460
11.867	97.5443
11.883	97.5408
11.900	97.5368
11.917	97.5348
11.933	97.5344
11.950	97.5310
11.967	97.5295
11.983	97.5306
12.000	97.5309
12.017	97.5269
12.033	97.5222
12.050	97.5187
12.067	97.5189
12.083	97.5211
12.100	97.5198
12.117	97.5157
12.133	97.5123
12.150	97.5093
12.167	97.5129
12.183	97.5130
12.200	97.5111
12.217	97.5093
12.233	97.5068
12.250	97.5047
12.267	97.5001
12.283	97.4976
12.300	97.4982
12.317	97.4944
12.333	97.4937
12.350	97.4906
12.367	97.4856
12.383	97.4809
12.400	97.4783
12.417	97.4774
12.433	97.4718
12.450	97.4703
12.467	97.4695
12.483	97.4665
12.500	97.4673
12.517	97.4652
12.533	97.4604
12.550	97.4590
12.567	97.4549
12.583	97.4517
12.600	97.4510
12.617	97.4544
12.633	97.4530
12.650	97.4506
12.667	97.4516
12.683	97.4487
12.700	97.4460
12.717	97.4412
12.733	97.4360
12.750	97.4361
12.767	97.4330
12.783	97.4331
12.800	97.4320
12.817	97.4306
12.833	97.4322
12.850	97.4334
12.867	97.4310
12.883	97.4260
12.900	97.4263
12.917	97.4257
12.933	97.4212
12.950	97.4161
12.967	97.4111
12.983	97.4086
13.000	97.4081
13.017	97.4057
13.033	97.4031
13.050	97.3969
13.067	97.3920
13.083	97.3902
13.100	97.3914
13.117	97.3876
13.133	97.3846
13.150	97.3831
13.167	97.3821
13.183	97.3804
13.200	97.3759
13.217	97.3745
13.233	97.3741
13.250	97.3754
13.267	97.3746
13.283	97.3747
13.300	97.3776
13.317	97.3759
13.333	97.3724
13.350	97.3684
13.367	97.3618
13.383	97.3547
13.400	97.3510
13.417	97.3489
13.433	97.3487
13.450	97.3485
13.467	97.3513
13.483	97.3546
13.500	97.3516
13.517	97.3525
13.533	97.3532
13.550	97.3499
13.567	97.3480
13.583	97.3442
13.600	97.3399
13.617	97.3363
13.633	97.3355
13.650	97.3339
13.667	97.3334
13.683	97.3316
13.700	97.3330
13.717	97.3372
13.733	97.3360
13.750	97.3300
13.767	97.3297
13.783	97.3292
13.800	97.3277
13.817	97.3261
13.833	97.3229
13.850	97.3204
13.867	97.3189
13.883	97.3144
13.900	97.3192
13.917	97.3198
13.933	97.3143
13.950	97.3100
13.967	97.3049
13.983	97.2966
14.000	97.2906
14.017	97.2879
14.033	97.2874
14.050	97.2874
14.067	97.2833
14.083	97.2798
14.100	97.2740
14.117	97.2707
14.133	97.2717
14.150	97.2743
14.167	97.2840
14.183	97.2897
14.200	97.2840
14.217	97.2763
14.233	97.2709
14.250	97.2686
14.267	97.2750
14.283	97.2764
14.300	97.2720
14.317	97.2671
14.333	97.2638
14.350	97.2684
14.367	97.2682
14.383	97.2633
14.400	97.2644
14.417	97.2635
14.433	97.2572
14.450	97.2493
14.467	97.2489
14.483	97.2527
14.500	97.2500
14.517	97.2430
14.533	97.2417
14.550	97.2399
14.567	97.2395
14.583	97.2386
14.600	97.2311
14.617	97.2242
14.633	97.2237
14.650	97.2254
14.667	97.2230
14.683	97.2168
14.700	97.2149
14.717	97.2139
14.733	97.2136
14.750	97.2138
14.767	97.2128
14.783	97.2151
14.800	97.2227
14.817	97.2244
14.833	97.2197
14.850	97.2103
14.867	97.2016
14.883	97.2002
14.900	97.1979
14.917	97.2012
14.933	97.2036
14.950	97.2002
14.967	97.1956
14.983	97.1904
15.000	97.1882
15.017	97.1831
15.033	97.1817
15.050	97.1826
15.067	97.1794
15.083	97.1739
15.100	97.1793
15.117	97.1837
15.133	97.1816
15.150	97.1754
15.167	97.1712
15.183	97.1659
15.200	97.1657
15.217	97.1647
15.233	97.1630
15.250	97.1611
15.267	97.1622
15.283	97.1675
15.300	97.1658
15.317	97.1600
15.333	97.1545
15.350	97.1502
15.367	97.1488
15.383	97.1487
15.400	97.1463
15.417	97.1435
15.433	97.1432
15.450	97.1456
15.467	97.1508
15.483	97.1502
15.500	97.1430
15.517	97.1389
15.533	97.1380
15.550	97.1362
15.567	97.1350
15.583	97.1345
15.600	97.1312
15.617	97.1260
15.633	97.1200
15.650	97.1162
15.667	97.1132
15.683	97.1095
15.700	97.1068
15.717	97.1109
15.733	97.1077
15.750	97.1084
15.767	97.1123
15.783	97.1165
15.800	97.1249
15.817	97.1303
15.833	97.1276
15.850	97.1223
15.867	97.1212
15.883	97.1196
15.900	97.1130
15.917	97.1084
15.933	97.1052
15.950	97.0976
15.967	97.0937
15.983	97.0928
16.000	97.0881
16.017	97.0841
16.033	97.0787
16.050	97.0797
16.067	97.0782
16.083	97.0788
16.100	97.0763
16.117	97.0767
16.133	97.0774
16.150	97.0741
16.167	97.0718
16.183	97.0704
16.200	97.0702
16.217	97.0682
16.233	97.0653
16.250	97.0649
16.267	97.0644
16.283	97.0630
16.300	97.0645
16.317	97.0670
16.333	97.0649
16.350	97.0684
16.367	97.0659
16.383	97.0581
16.400	97.0542
16.417	97.0563
16.433	97.0637
16.450	97.0592
16.467	97.0521
16.483	97.0503
16.500	97.0462
16.517	97.0421
16.533	97.0398
16.550	97.0399
16.567	97.0380
16.583	97.0347
16.600	97.0331
16.617	97.0317
16.633	97.0342
16.650	97.0334
16.667	97.0315
16.683	97.0400
16.700	97.0413
16.717	97.0447
16.733	97.0423
16.750	97.0372
16.767	97.0352
16.783	97.0327
16.800	97.0315
16.817	97.0222
16.833	97.0161
16.850	97.0118
16.867	97.0099
16.883	97.0133
16.900	97.0175
16.917	97.0156
16.933	97.0163
16.950	97.0246
16.967	97.0271
16.983	97.0248
17.000	97.0206
17.017	97.0160
17.033	97.0128
17.050	97.0093
17.067	97.0085
17.083	97.0025
17.100	96.9969
17.117	96.9943
17.133	96.9897
17.150	96.9879
17.167	96.9835
17.183	96.9755
17.200	96.9683
17.217	96.9633
17.233	96.9590
17.250	96.9535
17.267	96.9513
17.283	96.9461
17.300	96.9387
17.317	96.9336
17.333	96.9299
17.350	96.9269
17.367	96.9205
17.383	96.9125
17.400	96.9015
17.417	96.8947
17.433	96.8877
17.450	96.8812
17.467	96.8711
17.483	96.8578
17.500	96.8441
17.517	96.8391
17.533	96.8313
17.550	96.8225
17.567	96.8151
17.583	96.8069
17.600	96.7982
17.617	96.7875
17.633	96.7768
17.650	96.7642
17.667	96.7488
17.683	96.7329
17.700	96.7126
17.717	96.7014
17.733	96.6896
17.750	96.6730
17.767	96.6543
17.783	96.6386
17.800	96.6246
17.817	96.6099
17.833	96.5921
17.850	96.5740
17.867	96.5550
17.883	96.5348
17.900	96.5190
17.917	96.5041
17.933	96.4889
17.950	96.4697
17.967	96.4512
17.983	96.4354
18.000	96.4178
18.017	96.4057
18.033	96.3877
18.050	96.3722
18.067	96.3609
18.083	96.3477
18.100	96.3338
18.117	96.3172
18.133	96.3057
18.150	96.2947
18.167	96.2810
18.183	96.2597
18.200	96.2419
18.217	96.2290
18.233	96.2201
18.250	96.2096
18.267	96.1987
18.283	96.1861
18.300	96.1735
18.317	96.1629
18.333	96.1498
18.350	96.1323
18.367	96.1161
18.383	96.1031
18.400	96.0907
18.417	96.0777
18.433	96.0677
18.450	96.0596
18.467	96.0464
18.483	96.0491
18.500	96.0589
18.517	96.0545
18.533	96.0357
18.550	96.0187
18.567	96.0041
18.583	95.9875
18.600	95.9706
18.617	95.9554
18.633	95.9419
18.650	95.9315
18.667	95.9265
18.683	95.9193
18.700	95.9061
18.717	95.8966
18.733	95.8864
18.750	95.8771
18.767	95.8742
18.783	95.8709
18.800	95.8670
18.817	95.8587
18.833	95.8495
18.850	95.8402
18.867	95.8334
18.883	95.8251
18.900	95.8139
18.917	95.8075
18.933	95.8021
18.950	95.7962
18.967	95.7869
18.983	95.7747
19.000	95.7650
19.017	95.7583
19.033	95.7526
19.050	95.7468
19.067	95.7368
19.083	95.7266
19.100	95.7173
19.117	95.7106
19.133	95.7066
19.150	95.6967
19.167	95.6852
19.183	95.6785
19.200	95.6721
19.217	95.6653
19.233	95.6619
19.250	95.6597
19.267	95.6535
19.283	95.6481
19.300	95.6434
19.317	95.6374
19.333	95.6284
19.350	95.6244
19.367	95.6200
19.383	95.6116
19.400	95.6008
19.417	95.5878
19.433	95.5826
19.450	95.5797
19.467	95.5759
19.483	95.5726
19.500	95.5671
19.517	95.5653
19.533	95.5584
19.550	95.5533
19.567	95.5480
19.583	95.5461
19.600	95.5430
19.617	95.5384
19.633	95.5325
19.650	95.5238
19.667	95.5173
19.683	95.5082
19.700	95.5030
19.717	95.4975
19.733	95.4892
19.750	95.4836
19.767	95.4754
19.783	95.4665
19.800	95.4601
19.817	95.4543
19.833	95.4546
19.850	95.4512
19.867	95.4445
19.883	95.4392
19.900	95.4302
19.917	95.4245
19.933	95.4169
19.950	95.4141
19.967	95.4083
19.983	95.3991
20.000	95.3932
20.017	95.3911
20.033	95.3918
20.050	95.3917
20.067	95.3885
20.083	95.3810
20.100	95.3758
20.117	95.3728
20.133	95.3659
20.150	95.3608
20.167	95.3582
20.183	95.3567
20.200	95.3509
20.217	95.3468
20.233	95.3410
20.250	95.3378
20.267	95.3334
20.283	95.3283
20.300	95.3215
20.317	95.3076
20.333	95.3010
20.350	95.3052
20.367	95.3042
20.383	95.3003
20.400	95.2930
20.417	95.2872
20.433	95.2832
20.450	95.2768
20.467	95.2712
20.483	95.2674
20.500	95.2618
20.517	95.2550
20.533	95.2502
20.550	95.2466
20.567	95.2438
20.583	95.2398
20.600	95.2350
20.617	95.2326
20.633	95.2306
20.650	95.2301
20.667	95.2264
20.683	95.2202
20.700	95.2144
20.717	95.2113
20.733	95.2072
20.750	95.2029
20.767	95.1998
20.783	95.1968
20.800	95.1939
20.817	95.1859
20.833	95.1809
20.850	95.1773
20.867	95.1791
20.883	95.1777
20.900	95.1688
20.917	95.1591
20.933	95.1548
20.950	95.1521
20.967	95.1495
20.983	95.1455
21.000	95.1415
21.017	95.1367
21.033	95.1337
21.050	95.1271
21.067	95.1234
21.083	95.1194
21.100	95.1152
21.117	95.1151
21.133	95.1130
21.150	95.1061
21.167	95.0997
21.183	95.0910
21.200	95.0836
21.217	95.0824
21.233	95.0807
21.250	95.0790
21.267	95.0796
21.283	95.0792
21.300	95.0750
21.317	95.0705
21.333	95.0697
21.350	95.0647
21.367	95.0580
21.383	95.0539
21.400	95.0502
21.417	95.0472
21.433	95.0420
21.450	95.0342
21.467	95.0288
21.483	95.0265
21.500	95.0282
21.517	95.0284
21.533	95.0295
21.550	95.0279
21.567	95.0232
21.583	95.0205
21.600	95.0160
21.617	95.0106
21.633	95.0027
21.650	94.9952
21.667	94.9919
21.683	94.9907
21.700	94.9911
21.717	94.9898
21.733	94.9874
21.750	94.9842
21.767	94.9795
21.783	94.9754
21.800	94.9715
21.817	94.9732
21.833	94.9708
21.850	94.9657
21.867	94.9612
21.883	94.9521
21.900	94.9491
21.917	94.9487
21.933	94.9454
21.950	94.9396
21.967	94.9331
21.983	94.9293
22.000	94.9254
22.017	94.9227
22.033	94.9217
22.050	94.9169
22.067	94.9090
22.083	94.9056
22.100	94.9058
22.117	94.9056
22.133	94.8988
22.150	94.8916
22.167	94.8883
22.183	94.8884
22.200	94.8872
22.217	94.8888
22.233	94.8867
22.250	94.8837
22.267	94.8822
22.283	94.8810
22.300	94.8775
22.317	94.8748
22.333	94.8698
22.350	94.8676
22.367	94.8630
22.383	94.8552
22.400	94.8544
22.417	94.8597
22.433	94.8580
22.450	94.8556
22.467	94.8535
22.483	94.8528
22.500	94.8510
22.517	94.8483
22.533	94.8448
22.550	94.8431
22.567	94.8374
22.583	94.8305
22.600	94.8266
22.617	94.8264
22.633	94.8246
22.650	94.8218
22.667	94.8182
22.683	94.8158
22.700	94.8122
22.717	94.8093
22.733	94.8096
22.750	94.8071
22.767	94.8021
22.783	94.7973
22.800	94.7918
22.817	94.7858
22.833	94.7830
22.850	94.7812
22.867	94.7763
22.883	94.7748
22.900	94.7756
22.917	94.7742
22.933	94.7735
22.950	94.7712
22.967	94.7662
22.983	94.7598
23.000	94.7547
23.017	94.7547
23.033	94.7550
23.050	94.7487
23.067	94.7449
23.083	94.7423
23.100	94.7435
23.117	94.7435
23.133	94.7379
23.150	94.7329
23.167	94.7305
23.183	94.7295
23.200	94.7298
23.217	94.7300
23.233	94.7291
23.250	94.7260
23.267	94.7212
23.283	94.7168
23.300	94.7111
23.317	94.7078
23.333	94.7085
23.350	94.7048
23.367	94.7009
23.383	94.6954
23.400	94.6921
23.417	94.6881
23.433	94.6902
23.450	94.6891
23.467	94.6841
23.483	94.6802
23.500	94.6795
23.517	94.6762
23.533	94.6709
23.550	94.6679
23.567	94.6661
23.583	94.6636
23.600	94.6626
23.617	94.6607
23.633	94.6581
23.650	94.6587
23.667	94.6567
23.683	94.6522
23.700	94.6516
23.717	94.6493
23.733	94.6472
23.750	94.6440
23.767	94.6392
23.783	94.6351
23.800	94.6331
23.817	94.6322
23.833	94.6311
23.850	94.6309
23.867	94.6283
23.883	94.6245
23.900	94.6218
23.917	94.6207
23.933	94.6200
23.950	94.6172
23.967	94.6133
23.983	94.6130
24.000	94.6135
24.017	94.6096
24.033	94.6084
24.050	94.6094
24.067	94.6078
24.083	94.6038
24.100	94.6001
24.117	94.5987
24.133	94.5959
24.150	94.5925
24.167	94.5921
24.183	94.5926
24.200	94.5874
24.217	94.5788
24.233	94.5747
24.250	94.5750
24.267	94.5756
24.283	94.5756
24.300	94.5740
24.317	94.5730
24.333	94.5713
24.350	94.5698
24.367	94.5650
24.383	94.5610
24.400	94.5629
24.417	94.5646
24.433	94.5617
24.450	94.5583
24.467	94.5551
24.483	94.5514
24.500	94.5504
24.517	94.5470
24.533	94.5435
24.550	94.5404
24.567	94.5400
24.583	94.5418
24.600	94.5411
24.617	94.5384
24.633	94.5347
24.650	94.5322
24.667	94.5305
24.683	94.5293
24.700	94.5270
24.717	94.5229
24.733	94.5198
24.750	94.5153
24.767	94.5130
24.783	94.5101
24.800	94.5070
24.817	94.5059
24.833	94.5041
24.850	94.5036
24.867	94.5053
24.883	94.5078
24.900	94.5061
24.917	94.5024
24.933	94.4976
24.950	94.4923
24.967	94.4897
24.983	94.4867
25.000	94.4809
25.017	94.4749
25.033	94.4755
25.050	94.4791
25.067	94.4813
25.083	94.4797
25.100	94.4769
25.117	94.4732
25.133	94.4707
25.150	94.4700
25.167	94.4705
25.183	94.4677
25.200	94.4639
25.217	94.4641
25.233	94.4622
25.250	94.4583
25.267	94.4552
25.283	94.4548
25.300	94.4551
25.317	94.4511
25.333	94.4479
25.350	94.4454
25.367	94.4445
25.383	94.4423
25.400	94.4385
25.417	94.4378
25.433	94.4351
25.450	94.4314
25.467	94.4290
25.483	94.4294
25.500	94.4289
25.517	94.4271
25.533	94.4235
25.550	94.4184
25.567	94.4157
25.583	94.4148
25.600	94.4129
25.617	94.4123
25.633	94.4101
25.650	94.4082
25.667	94.4087
25.683	94.4066
25.700	94.4023
25.717	94.3993
25.733	94.3969
25.750	94.3968
25.767	94.3937
25.783	94.3930
25.800	94.3927
25.817	94.3898
25.833	94.3890
25.850	94.3882
25.867	94.3853
25.883	94.3827
25.900	94.3815
25.917	94.3828
25.933	94.3829
25.950	94.3777
25.967	94.3752
25.983	94.3774
26.000	94.3793
26.017	94.3771
26.033	94.3737
26.050	94.3690
26.067	94.3665
26.083	94.3675
26.100	94.3684
26.117	94.3654
26.133	94.3627
26.150	94.3587
26.167	94.3562
26.183	94.3559
26.200	94.3539
26.217	94.3530
26.233	94.3528
26.250	94.3513
26.267	94.3497
26.283	94.3500
26.300	94.3474
26.317	94.3445
26.333	94.3425
26.350	94.3412
26.367	94.3390
26.383	94.3360
26.400	94.3355
26.417	94.3339
26.433	94.3318
26.450	94.3310
26.467	94.3316
26.483	94.3298
26.500	94.3282
26.517	94.3242
26.533	94.3229
26.550	94.3251
26.567	94.3225
26.583	94.3191
26.600	94.3153
26.617	94.3122
26.633	94.3136
26.650	94.3139
26.667	94.3119
26.683	94.3077
26.700	94.3052
26.717	94.3049
26.733	94.3054
26.750	94.3089
26.767	94.3083
26.783	94.3047
26.800	94.3031
26.817	94.3017
26.833	94.2965
26.850	94.2933
26.867	94.2911
26.883	94.2909
26.900	94.2914
26.917	94.2899
26.933	94.2880
26.950	94.2839
26.967	94.2791
26.983	94.2791
27.000	94.2815
27.017	94.2825
27.033	94.2818
27.050	94.2795
27.067	94.2785
27.083	94.2778
27.100	94.2755
27.117	94.2733
27.133	94.2709
27.150	94.2684
27.167	94.2651
27.183	94.2622
27.200	94.2587
27.217	94.2555
27.233	94.2546
27.250	94.2551
27.267	94.2524
27.283	94.2513
27.300	94.2495
27.317	94.2497
27.333	94.2505
27.350	94.2505
27.367	94.2501
27.383	94.2485
27.400	94.2439
27.417	94.2414
27.433	94.2411
27.450	94.2397
27.467	94.2389
27.483	94.2376
27.500	94.2363
27.517	94.2338
27.533	94.2338
27.550	94.2355
27.567	94.2353
27.583	94.2328
27.600	94.2281
27.617	94.2232
27.633	94.2197
27.650	94.2187
27.667	94.2200
27.683	94.2217
27.700	94.2199
27.717	94.2177
27.733	94.2152
27.750	94.2095
27.767	94.2074
27.783	94.2061
27.800	94.2061
27.817	94.2044
27.833	94.2042
27.850	94.2039
27.867	94.2032
27.883	94.2020
27.900	94.2018
27.917	94.2000
27.933	94.1946
27.950	94.1932
27.967	94.1941
27.983	94.1950
28.000	94.1940
28.017	94.1936
28.033	94.1922
28.050	94.1898
28.067	94.1885
28.083	94.1871
28.100	94.1863
28.117	94.1856
28.133	94.1807
28.150	94.1792
28.167	94.1795
28.183	94.1803
28.200	94.1804
28.217	94.1793
28.233	94.1781
28.250	94.1770
28.267	94.1739
28.283	94.1720
28.300	94.1718
28.317	94.1718
28.333	94.1698
28.350	94.1677
28.367	94.1681
28.383	94.1678
28.400	94.1653
28.417	94.1653
28.433	94.1640
28.450	94.1600
28.467	94.1572
28.483	94.1580
28.500	94.1601
28.517	94.1589
28.533	94.1567
28.550	94.1542
28.567	94.1533
28.583	94.1495
28.600	94.1421
28.617	94.1352
28.633	94.1317
28.650	94.1324
28.667	94.1355
28.683	94.1385
28.700	94.1393
28.717	94.1406
28.733	94.1420
28.750	94.1425
28.767	94.1400
28.783	94.1366
28.800	94.1353
28.817	94.1342
28.833	94.1360
28.850	94.1358
28.867	94.1340
28.883	94.1331
28.900	94.1308
28.917	94.1292
28.933	94.1280
28.950	94.1268
28.967	94.1260
28.983	94.1241
29.000	94.1229
29.017	94.1212
29.033	94.1166
29.050	94.1143
29.067	94.1146
29.083	94.1161
29.100	94.1142
29.117	94.1119
29.133	94.1137
29.150	94.1110
29.167	94.1048
29.183	94.1017
29.200	94.0997
29.217	94.0987
29.233	94.0973
29.250	94.0980
29.267	94.1011
29.283	94.1006
29.300	94.0986
29.317	94.0954
29.333	94.0960
29.350	94.0962
29.367	94.0965
29.383	94.0958
29.400	94.0948
29.417	94.0923
29.433	94.0920
29.450	94.0921
29.467	94.0889
29.483	94.0876
29.500	94.0881
29.517	94.0885
29.533	94.0887
29.550	94.0873
29.567	94.0853
29.583	94.0813
29.600	94.0777
29.617	94.0767
29.633	94.0747
29.650	94.0748
29.667	94.0756
29.683	94.0744
29.700	94.0725
29.717	94.0721
29.733	94.0716
29.750	94.0710
29.767	94.0699
29.783	94.0698
29.800	94.0697
29.817	94.0685
29.833	94.0640
29.850	94.0623
29.867	94.0622
29.883	94.0632
29.900	94.0611
29.917	94.0587
29.933	94.0564
29.950	94.0522
29.967	94.0509
29.983	94.0495
30.000	94.0500
30.017	94.0511
30.033	94.0522
30.050	94.0522
30.067	94.0526
30.083	94.0515
30.100	94.0494
30.117	94.0473
30.133	94.0429
30.150	94.0406
30.167	94.0406
30.183	94.0422
30.200	94.0410
30.217	94.0382
30.233	94.0347
30.250	94.0332
30.267	94.0319
30.283	94.0321
30.300	94.0356
30.317	94.0353
30.333	94.0334
30.350	94.0320
30.367	94.0312
30.383	94.0304
30.400	94.0286
30.417	94.0239
30.433	94.0218
30.450	94.0230
30.467	94.0230
30.483	94.0208
30.500	94.0199
30.517	94.0197
30.533	94.0192
30.550	94.0183
30.567	94.0191
30.583	94.0176
30.600	94.0141
30.617	94.0127
30.633	94.0145
30.650	94.0142
30.667	94.0122
30.683	94.0104
30.700	94.0091
30.717	94.0087
30.733	94.0066
30.750	94.0046
30.767	94.0042
30.783	93.9995
30.800	93.9960
30.817	93.9918
30.833	93.9930
30.850	93.9952
30.867	93.9980
30.883	93.9988
30.900	94.0005
30.917	93.9991
30.933	93.9985
30.950	93.9976
30.967	93.9968
30.983	93.9939
31.000	93.9911
31.017	93.9914
31.033	93.9912
31.050	93.9907
31.067	93.9890
31.083	93.9874
31.100	93.9858
31.117	93.9850
31.133	93.9847
31.150	93.9841
31.167	93.9815
31.183	93.9792
31.200	93.9777
31.217	93.9770
31.233	93.9774
31.250	93.9743
31.267	93.9717
31.283	93.9717
31.300	93.9713
31.317	93.9736
31.333	93.9743
31.350	93.9720
31.367	93.9703
31.383	93.9676
31.400	93.9660
31.417	93.9643
31.433	93.9596
31.450	93.9599
31.467	93.9604
31.483	93.9593
31.500	93.9593
31.517	93.9590
31.533	93.9616
31.550	93.9637
31.567	93.9616
31.583	93.9597
31.600	93.9586
31.617	93.9576
31.633	93.9554
31.650	93.9560
31.667	93.9574
31.683	93.9560
31.700	93.9531
31.717	93.9507
31.733	93.9503
31.750	93.9497
31.767	93.9486
31.783	93.9456
31.800	93.9425
31.817	93.9426
31.833	93.9435
31.850	93.9448
31.867	93.9447
31.883	93.9440
31.900	93.9452
31.917	93.9453
31.933	93.9458
31.950	93.9445
31.967	93.9419
31.983	93.9372
32.000	93.9350
32.017	93.9338
32.033	93.9363
32.050	93.9392
32.067	93.9408
32.083	93.9398
32.100	93.9367
32.117	93.9371
32.133	93.9387
32.150	93.9370
32.167	93.9329
32.183	93.9263
32.200	93.9223
32.217	93.9236
32.233	93.9249
32.250	93.9218
32.267	93.9210
32.283	93.9186
32.300	93.9165
32.317	93.9166
32.333	93.9162
32.350	93.9148
32.367	93.9162
32.383	93.9160
32.400	93.9150
32.417	93.9138
32.433	93.9143
32.450	93.9101
32.467	93.9062
32.483	93.9047
32.500	93.9060
32.517	93.9063
32.533	93.9043
32.550	93.9053
32.567	93.9082
32.583	93.9097
32.600	93.9087
32.617	93.9082
32.633	93.9079
32.650	93.9073
32.667	93.9052
32.683	93.9047
32.700	93.9036
32.717	93.9041
32.733	93.9028
32.750	93.9022
32.767	93.8982
32.783	93.8964
32.800	93.8958
32.817	93.8949
32.833	93.8956
32.850	93.8968
32.867	93.8967
32.883	93.8959
32.900	93.8946
32.917	93.8934
32.933	93.8934
32.950	93.8908
32.967	93.8888
32.983	93.8885
33.000	93.8886
33.017	93.8874
33.033	93.8871
33.050	93.8854
33.067	93.8857
33.083	93.8852
33.100	93.8860
33.117	93.8867
33.133	93.8869
33.150	93.8851
33.167	93.8830
33.183	93.8812
33.200	93.8787
33.217	93.8784
33.233	93.8787
33.250	93.8796
33.267	93.8792
33.283	93.8788
33.300	93.8783
33.317	93.8782
33.333	93.8806
33.350	93.8818
33.367	93.8809
33.383	93.8785
33.400	93.8767
33.417	93.8755
33.433	93.8741
33.450	93.8725
33.467	93.8708
33.483	93.8697
33.500	93.8685
33.517	93.8662
33.533	93.8644
33.550	93.8629
33.567	93.8631
33.583	93.8627
33.600	93.8629
33.617	93.8631
33.633	93.8619
33.650	93.8599
33.667	93.8596
33.683	93.8593
33.700	93.8585
33.717	93.8587
33.733	93.8540
33.750	93.8519
33.767	93.8542
33.783	93.8564
33.800	93.8580
33.817	93.8583
33.833	93.8590
33.850	93.8559
33.867	93.8508
33.883	93.8482
33.900	93.8474
33.917	93.8481
33.933	93.8485
33.950	93.8473
33.967	93.8460
33.983	93.8450
34.000	93.8460
34.017	93.8499
34.033	93.8507
34.050	93.8501
34.067	93.8488
34.083	93.8469
34.100	93.8466
34.117	93.8451
34.133	93.8390
34.150	93.8352
34.167	93.8342
34.183	93.8345
34.200	93.8349
34.217	93.8349
34.233	93.8368
34.250	93.8386
34.267	93.8367
34.283	93.8324
34.300	93.8296
34.317	93.8285
34.333	93.8267
34.350	93.8267
34.367	93.8289
34.383	93.8296
34.400	93.8298
34.417	93.8292
34.433	93.8282
34.450	93.8285
34.467	93.8262
34.483	93.8246
34.500	93.8255
34.517	93.8251
34.533	93.8244
34.550	93.8230
34.567	93.8222
34.583	93.8221
34.600	93.8216
34.617	93.8213
34.633	93.8217
34.650	93.8219
34.667	93.8215
34.683	93.8203
34.700	93.8196
34.717	93.8183
34.733	93.8180
34.750	93.8181
34.767	93.8190
34.783	93.8173
34.800	93.8156
34.817	93.8164
34.833	93.8172
34.850	93.8168
34.867	93.8162
34.883	93.8154
34.900	93.8134
34.917	93.8126
34.933	93.8111
34.950	93.8087
34.967	93.8086
34.983	93.8085
35.000	93.8070
35.017	93.8054
35.033	93.8042
35.050	93.8034
35.067	93.8041
35.083	93.8029
35.100	93.8003
35.117	93.7994
35.133	93.7994
35.150	93.7992
35.167	93.7987
35.183	93.7986
35.200	93.7978
35.217	93.7983
35.233	93.7969
35.250	93.7978
35.267	93.7986
35.283	93.7969
35.300	93.7954
35.317	93.7958
35.333	93.7950
35.350	93.7935
35.367	93.7941
35.383	93.7943
35.400	93.7937
35.417	93.7923
35.433	93.7878
35.450	93.7858
35.467	93.7862
35.483	93.7865
35.500	93.7870
35.517	93.7870
35.533	93.7862
35.550	93.7841
35.567	93.7857
35.583	93.7883
35.600	93.7895
35.617	93.7884
35.633	93.7858
35.650	93.7844
35.667	93.7827
35.683	93.7795
35.700	93.7766
35.717	93.7772
35.733	93.7758
35.750	93.7778
35.767	93.7790
35.783	93.7813
35.800	93.7814
35.817	93.7800
35.833	93.7788
35.850	93.7773
35.867	93.7766
35.883	93.7777
35.900	93.7772
35.917	93.7752
35.933	93.7746
35.950	93.7743
35.967	93.7743
35.983	93.7743
36.000	93.7749
36.017	93.7748
36.033	93.7759
36.050	93.7754
36.067	93.7738
36.083	93.7716
36.100	93.7709
36.117	93.7692
36.133	93.7676
36.150	93.7665
36.167	93.7653
36.183	93.7652
36.200	93.7647
36.217	93.7636
36.233	93.7614
36.250	93.7603
36.267	93.7584
36.283	93.7578
36.300	93.7571
36.317	93.7576
36.333	93.7562
36.350	93.7562
36.367	93.7570
36.383	93.7576
36.400	93.7567
36.417	93.7555
36.433	93.7519
36.450	93.7512
36.467	93.7508
36.483	93.7516
36.500	93.7506
36.517	93.7525
36.533	93.7562
36.550	93.7573
36.567	93.7557
36.583	93.7553
36.600	93.7546
36.617	93.7542
36.633	93.7505
36.650	93.7484
36.667	93.7479
36.683	93.7497
36.700	93.7475
36.717	93.7441
36.733	93.7441
36.750	93.7442
36.767	93.7455
36.783	93.7469
36.800	93.7475
36.817	93.7466
36.833	93.7442
36.850	93.7417
36.867	93.7399
36.883	93.7372
36.900	93.7365
36.917	93.7371
36.933	93.7385
36.950	93.7397
36.967	93.7416
36.983	93.7442
37.000	93.7429
37.017	93.7400
37.033	93.7378
37.050	93.7376
37.067	93.7355
37.083	93.7349
37.100	93.7360
37.117	93.7350
37.133	93.7330
37.150	93.7315
37.167	93.7309
37.183	93.7324
37.200	93.7355
37.217	93.7369
37.233	93.7381
37.250	93.7379
37.267	93.7358
37.283	93.7345
37.300	93.7332
37.317	93.7335
37.333	93.7341
37.350	93.7334
37.367	93.7318
37.383	93.7303
37.400	93.7284
37.417	93.7285
37.433	93.7290
37.450	93.7295
37.467	93.7290
37.483	93.7284
37.500	93.7284
37.517	93.7272
37.533	93.7248
37.550	93.7226
37.567	93.7201
37.583	93.7189
37.600	93.7183
37.617	93.7173
37.633	93.7197
37.650	93.7214
37.667	93.7199
37.683	93.7207
37.700	93.7210
37.717	93.7211
37.733	93.7216
37.750	93.7222
37.767	93.7190
37.783	93.7158
37.800	93.7143
37.817	93.7138
37.833	93.7133
37.850	93.7152
37.867	93.7182
37.883	93.7190
37.900	93.7167
37.917	93.7135
37.933	93.7133
37.950	93.7129
37.967	93.7154
37.983	93.7167
38.000	93.7130
38.017	93.7123
38.033	93.7084
38.050	93.7096
38.067	93.7113
38.083	93.7097
38.100	93.7072
38.117	93.7058
38.133	93.7060
38.150	93.7081
38.167	93.7105
38.183	93.7100
38.200	93.7088
38.217	93.7054
38.233	93.7027
38.250	93.7019
38.267	93.7036
38.283	93.7045
38.300	93.7032
38.317	93.7007
38.333	93.6972
38.350	93.6952
38.367	93.6925
38.383	93.6912
38.400	93.6908
38.417	93.6919
38.433	93.6913
38.450	93.6934
38.467	93.6945
38.483	93.6950
38.500	93.6954
38.517	93.6933
38.533	93.6894
38.550	93.6866
38.567	93.6864
38.583	93.6869
38.600	93.6883
38.617	93.6909
38.633	93.6916
38.650	93.6905
38.667	93.6888
38.683	93.6894
38.700	93.6903
38.717	93.6904
38.733	93.6896
38.750	93.6894
38.767	93.6889
38.783	93.6905
38.800	93.6917
38.817	93.6921
38.833	93.6905
38.850	93.6877
38.867	93.6871
38.883	93.6871
38.900	93.6881
38.917	93.6871
38.933	93.6826
38.950	93.6818
38.967	93.6818
38.983	93.6841
39.000	93.6834
39.017	93.6799
39.033	93.6755
39.050	93.6759
39.067	93.6764
39.083	93.6771
39.100	93.6757
39.117	93.6741
39.133	93.6746
39.150	93.6753
39.167	93.6766
39.183	93.6760
39.200	93.6756
39.217	93.6763
39.233	93.6748
39.250	93.6750
39.267	93.6723
39.283	93.6708
39.300	93.6712
39.317	93.6736
39.333	93.6741
39.350	93.6701
39.367	93.6685
39.383	93.6657
39.400	93.6641
39.417	93.6640
39.433	93.6646
39.450	93.6644
39.467	93.6642
39.483	93.6639
39.500	93.6631
39.517	93.6640
39.533	93.6659
39.550	93.6668
39.567	93.6678
39.583	93.6664
39.600	93.6645
39.617	93.6648
39.633	93.6648
39.650	93.6641
39.667	93.6638
39.683	93.6611
39.700	93.6590
39.717	93.6581
39.733	93.6568
39.750	93.6568
39.767	93.6587
39.783	93.6582
39.800	93.6595
39.817	93.6587
39.833	93.6599
39.850	93.6618
39.867	93.6634
39.883	93.6632
39.900	93.6619
39.917	93.6604
39.933	93.6579
39.950	93.6555
39.967	93.6547
39.983	93.6538
40.000	93.6542
40.017	93.6566
40.033	93.6599
40.050	93.6599
40.067	93.6563
40.083	93.6562
40.100	93.6616
40.117	93.6644
40.133	93.6632
40.150	93.6589
40.167	93.6557
40.183	93.6542
40.200	93.6548
40.217	93.6545
40.233	93.6531
40.250	93.6510
40.267	93.6499
40.283	93.6488
40.300	93.6509
40.317	93.6509
40.333	93.6471
40.350	93.6437
40.367	93.6443
40.383	93.6444
40.400	93.6443
40.417	93.6459
40.433	93.6476
40.450	93.6469
40.467	93.6446
40.483	93.6440
40.500	93.6422
40.517	93.6430
40.533	93.6426
40.550	93.6409
40.567	93.6427
40.583	93.6432
40.600	93.6431
40.617	93.6418
40.633	93.6392
40.650	93.6377
40.667	93.6375
40.683	93.6385
40.700	93.6406
40.717	93.6394
40.733	93.6361
40.750	93.6341
40.767	93.6329
40.783	93.6333
40.800	93.6341
40.817	93.6349
40.833	93.6347
40.850	93.6339
40.867	93.6325
40.883	93.6344
40.900	93.6357
40.917	93.6373
40.933	93.6397
40.950	93.6387
40.967	93.6350
40.983	93.6335
41.000	93.6314
41.017	93.6295
41.033	93.6301
41.050	93.6311
41.067	93.6339
41.083	93.6351
41.100	93.6338
41.117	93.6305
41.133	93.6282
41.150	93.6295
41.167	93.6300
41.183	93.6298
41.200	93.6299
41.217	93.6293
41.233	93.6303
41.250	93.6275
41.267	93.6253
41.283	93.6224
41.300	93.6221
41.317	93.6236
41.333	93.6254
41.350	93.6263
41.367	93.6227
41.383	93.6202
41.400	93.6200
41.417	93.6195
41.433	93.6221
41.450	93.6245
41.467	93.6255
41.483	93.6253
41.500	93.6237
41.517	93.6209
41.533	93.6198
41.550	93.6201
41.567	93.6214
41.583	93.6215
41.600	93.6208
41.617	93.6198
41.633	93.6192
41.650	93.6194
41.667	93.6185
41.683	93.6171
41.700	93.6156
41.717	93.6155
41.733	93.6160
41.750	93.6176
41.767	93.6166
41.783	93.6145
41.800	93.6113
41.817	93.6085
41.833	93.6084
41.850	93.6104
41.867	93.6119
41.883	93.6135
41.900	93.6143
41.917	93.6124
41.933	93.6113
41.950	93.6103
41.967	93.6100
41.983	93.6089
42.000	93.6083
42.017	93.6073
42.033	93.6071
42.050	93.6071
42.067	93.6080
42.083	93.6096
42.100	93.6084
42.117	93.6079
42.133	93.6079
42.150	93.6090
42.167	93.6071
42.183	93.6036
42.200	93.6038
42.217	93.6082
42.233	93.6108
42.250	93.6098
42.267	93.6078
42.283	93.6060
42.300	93.6058
42.317	93.6044
42.333	93.6023
42.350	93.6004
42.367	93.6005
42.383	93.6018
42.400	93.6008
42.417	93.5982
42.433	93.5968
42.450	93.5959
42.467	93.5962
42.483	93.5980
42.500	93.5998
42.517	93.6011
42.533	93.6008
42.550	93.5992
42.567	93.5978
42.583	93.5981
42.600	93.5974
42.617	93.5961
42.633	93.5949
42.650	93.5949
42.667	93.5923
42.683	93.5909
42.700	93.5918
42.717	93.5910
42.733	93.5908
42.750	93.5921
42.767	93.5934
42.783	93.5931
42.800	93.5926
42.817	93.5926
42.833	93.5916
42.850	93.5896
42.867	93.5875
42.883	93.5860
42.900	93.5859
42.917	93.5864
42.933	93.5883
42.950	93.5898
42.967	93.5894
42.983	93.5883
43.000	93.5868
43.017	93.5863
43.033	93.5856
43.050	93.5846
43.067	93.5838
43.083	93.5837
43.100	93.5840
43.117	93.5840
43.133	93.5852
43.150	93.5867
43.167	93.5857
43.183	93.5840
43.200	93.5824
43.217	93.5819
43.233	93.5817
43.250	93.5825
43.267	93.5832
43.283	93.5836
43.300	93.5829
43.317	93.5815
43.333	93.5806
43.350	93.5800
43.367	93.5804
43.383	93.5795
43.400	93.5793
43.417	93.5785
43.433	93.5765
43.450	93.5763
43.467	93.5750
43.483	93.5714
43.500	93.5720
43.517	93.5755
43.533	93.5768
43.550	93.5753
43.567	93.5743
43.583	93.5740
43.600	93.5720
43.617	93.5696
43.633	93.5681
43.650	93.5673
43.667	93.5687
43.683	93.5701
43.700	93.5717
43.717	93.5729
43.733	93.5725
43.750	93.5717
43.767	93.5710
43.783	93.5707
43.800	93.5707
43.817	93.5720
43.833	93.5750
43.850	93.5763
43.867	93.5742
43.883	93.5723
43.900	93.5712
43.917	93.5691
43.933	93.5687
43.950	93.5700
43.967	93.5692
43.983	93.5696
44.000	93.5695
44.017	93.5703
44.033	93.5716
44.050	93.5691
44.067	93.5659
44.083	93.5642
44.100	93.5639
44.117	93.5647
44.133	93.5653
44.150	93.5649
44.167	93.5649
44.183	93.5641
44.200	93.5637
44.217	93.5612
44.233	93.5584
44.250	93.5586
44.267	93.5614
44.283	93.5604
44.300	93.5600
44.317	93.5603
44.333	93.5607
44.350	93.5613
44.367	93.5625
44.383	93.5618
44.400	93.5602
44.417	93.5592
44.433	93.5588
44.450	93.5575
44.467	93.5573
44.483	93.5565
44.500	93.5561
44.517	93.5561
44.533	93.5557
44.550	93.5559
44.567	93.5549
44.583	93.5550
44.600	93.5559
44.617	93.5573
44.633	93.5601
44.650	93.5615
44.667	93.5605
44.683	93.5578
44.700	93.5551
44.717	93.5540
44.733	93.5529
44.750	93.5524
44.767	93.5520
44.783	93.5504
44.800	93.5490
44.817	93.5501
44.833	93.5510
44.850	93.5519
44.867	93.5526
44.883	93.5531
44.900	93.5530
44.917	93.5525
44.933	93.5509
44.950	93.5505
44.967	93.5508
44.983	93.5510
45.000	93.5489
45.017	93.5472
45.033	93.5444
45.050	93.5435
45.067	93.5459
45.083	93.5476
45.100	93.5470
45.117	93.5480
45.133	93.5486
45.150	93.5478
45.167	93.5474
45.183	93.5461
45.200	93.5468
45.217	93.5482
45.233	93.5481
45.250	93.5488
45.267	93.5491
45.283	93.5484
45.300	93.5453
45.317	93.5434
45.333	93.5431
45.350	93.5441
45.367	93.5435
45.383	93.5427
45.400	93.5418
45.417	93.5414
45.433	93.5418
45.450	93.5406
45.467	93.5400
45.483	93.5407
45.500	93.5387
45.517	93.5368
45.533	93.5352
45.550	93.5359
45.567	93.5376
45.583	93.5391
45.600	93.5399
45.617	93.5421
45.633	93.5444
45.650	93.5432
45.667	93.5408
45.683	93.5383
45.700	93.5374
45.717	93.5387
45.733	93.5383
45.750	93.5381
45.767	93.5371
45.783	93.5340
45.800	93.5332
45.817	93.5349
45.833	93.5360
45.850	93.5384
45.867	93.5397
45.883	93.5390
45.900	93.5370
45.917	93.5349
45.933	93.5334
45.950	93.5329
45.967	93.5332
45.983	93.5338
46.000	93.5330
46.017	93.5337
46.033	93.5337
46.050	93.5331
46.067	93.5322
46.083	93.5310
46.100	93.5292
46.117	93.5288
46.133	93.5299
46.150	93.5308
46.167	93.5313
46.183	93.5298
46.200	93.5303
46.217	93.5313
46.233	93.5303
46.250	93.5285
46.267	93.5273
46.283	93.5272
46.300	93.5292
46.317	93.5309
46.333	93.5295
46.350	93.5270
46.367	93.5239
46.383	93.5223
46.400	93.5220
46.417	93.5230
46.433	93.5246
46.450	93.5253
46.467	93.5247
46.483	93.5223
46.500	93.5182
46.517	93.5156
46.533	93.5168
46.550	93.5199
46.567	93.5215
46.583	93.5246
46.600	93.5260
46.617	93.5253
46.633	93.5239
46.650	93.5233
46.667	93.5210
46.683	93.5210
46.700	93.5207
46.717	93.5197
46.733	93.5198
46.750	93.5189
46.767	93.5176
46.783	93.5166
46.800	93.5156
46.817	93.5162
46.833	93.5159
46.850	93.5150
46.867	93.5132
46.883	93.5116
46.900	93.5120
46.917	93.5133
46.933	93.5137
46.950	93.5151
46.967	93.5154
46.983	93.5163
47.000	93.5168
47.017	93.5178
47.033	93.5158
47.050	93.5121
47.067	93.5109
47.083	93.5136
47.100	93.5130
47.117	93.5114
47.133	93.5107
47.150	93.5102
47.167	93.5108
47.183	93.5115
47.200	93.5126
47.217	93.5129
47.233	93.5110
47.250	93.5088
47.267	93.5093
47.283	93.5083
47.300	93.5068
47.317	93.5055
47.333	93.5055
47.350	93.5065
47.367	93.5072
47.383	93.5070
47.400	93.5071
47.417	93.5076
47.433	93.5090
47.450	93.5079
47.467	93.5061
47.483	93.5056
47.500	93.5055
47.517	93.5049
47.533	93.5061
47.550	93.5059
47.567	93.5058
47.583	93.5050
47.600	93.5031
47.617	93.5026
47.633	93.5043
47.650	93.5033
47.667	93.5025
47.683	93.5029
47.700	93.5038
47.717	93.5046
47.733	93.5046
47.750	93.5036
47.767	93.5031
47.783	93.5029
47.800	93.5006
47.817	93.4989
47.833	93.5002
47.850	93.5022
47.867	93.5026
47.883	93.5008
47.900	93.4995
47.917	93.5005
47.933	93.5010
47.950	93.5000
47.967	93.4988
47.983	93.4984
48.000	93.4972
48.017	93.4965
48.033	93.4959
48.050	93.4953
48.067	93.4954
48.083	93.4943
48.100	93.4936
48.117	93.4932
48.133	93.4928
48.150	93.4933
48.167	93.4932
48.183	93.4911
48.200	93.4902
48.217	93.4883
48.233	93.4864
48.250	93.4849
48.267	93.4839
48.283	93.4831
48.300	93.4822
48.317	93.4809
48.333	93.4796
48.350	93.4782
48.367	93.4770
48.383	93.4759
48.400	93.4747
48.417	93.4744
48.433	93.4734
48.450	93.4720
48.467	93.4706
48.483	93.4694
48.500	93.4684
48.517	93.4675
48.533	93.4668
48.550	93.4655
48.567	93.4641
48.583	93.4627
48.600	93.4615
48.617	93.4603
48.633	93.4591
48.650	93.4580
48.667	93.4570
48.683	93.4561
48.700	93.4551
48.717	93.4540
48.733	93.4530
48.750	93.4519
48.767	93.4508
48.783	93.4498
48.800	93.4485
48.817	93.4475
48.833	93.4467
48.850	93.4456
48.867	93.4447
48.883	93.4435
48.900	93.4426
48.917	93.4416
48.933	93.4405
48.950	93.4396
48.967	93.4387
48.983	93.4377
49.000	93.4368
49.017	93.4357
49.033	93.4348
49.050	93.4340
49.067	93.4332
49.083	93.4321
49.100	93.4308
49.117	93.4298
49.133	93.4290
49.150	93.4281
49.167	93.4271
49.183	93.4263
49.200	93.4254
49.217	93.4244
49.233	93.4235
49.250	93.4225
49.267	93.4221
49.283	93.4215
49.300	93.4207
49.317	93.4197
49.333	93.4187
49.350	93.4176
49.367	93.4167
49.383	93.4157
49.400	93.4150
49.417	93.4142
49.433	93.4134
49.450	93.4124
49.467	93.4114
49.483	93.4103
49.500	93.4093
49.517	93.4087
49.533	93.4078
49.550	93.4069
49.567	93.4061
49.583	93.4052
49.600	93.4044
49.617	93.4035
49.633	93.4027
49.650	93.4017
49.667	93.4008
49.683	93.3999
49.700	93.3992
49.717	93.3983
49.733	93.3975
49.750	93.3967
49.767	93.3960
49.783	93.3953
49.800	93.3945
49.817	93.3935
49.833	93.3926
49.850	93.3920
49.867	93.3913
49.883	93.3906
49.900	93.3900
49.917	93.3890
49.933	93.3882
49.950	93.3873
49.967	93.3865
49.983	93.3857
50.000	93.3848
50.017	93.3838
50.033	93.3831
50.050	93.3823
50.067	93.3814
50.083	93.3805
50.100	93.3797
50.117	93.3790
50.133	93.3785
50.150	93.3778
50.167	93.3770
50.183	93.3762
50.200	93.3753
50.217	93.3744
50.233	93.3738
50.250	93.3731
50.267	93.3723
50.283	93.3713
50.300	93.3703
50.317	93.3694
50.333	93.3685
50.350	93.3677
50.367	93.3673
50.383	93.3668
50.400	93.3663
50.417	93.3656
50.433	93.3646
50.450	93.3640
50.467	93.3632
50.483	93.3626
50.500	93.3618
50.517	93.3611
50.533	93.3605
50.550	93.3598
50.567	93.3590
50.583	93.3581
50.600	93.3572
50.617	93.3564
50.633	93.3556
50.650	93.3549
50.667	93.3541
50.683	93.3533
50.700	93.3526
50.717	93.3520
50.733	93.3516
50.750	93.3511
50.767	93.3504
50.783	93.3496
50.800	93.3487
50.817	93.3478
50.833	93.3468
50.850	93.3461
50.867	93.3452
50.883	93.3445
50.900	93.3438
50.917	93.3431
50.933	93.3424
50.950	93.3416
50.967	93.3409
50.983	93.3401
51.000	93.3395
51.017	93.3389
51.033	93.3383
51.050	93.3377
51.067	93.3372
51.083	93.3366
51.100	93.3359
51.117	93.3352
51.133	93.3344
51.150	93.3338
51.167	93.3331
51.183	93.3325
51.200	93.3318
51.217	93.3311
51.233	93.3304
51.250	93.3297
51.267	93.3289
51.283	93.3283
51.300	93.3277
51.317	93.3270
51.333	93.3264
51.350	93.3261
51.367	93.3257
51.383	93.3252
51.400	93.3245
51.417	93.3238
51.433	93.3233
51.450	93.3229
51.467	93.3222
51.483	93.3215
51.500	93.3207
51.517	93.3197
51.533	93.3187
51.550	93.3178
51.567	93.3170
51.583	93.3165
51.600	93.3160
51.617	93.3157
51.633	93.3155
51.650	93.3148
51.667	93.3140
51.683	93.3133
51.700	93.3125
51.717	93.3117
51.733	93.3109
51.750	93.3101
51.767	93.3095
51.783	93.3090
51.800	93.3084
51.817	93.3079
51.833	93.3072
51.850	93.3067
51.867	93.3061
51.883	93.3054
51.900	93.3048
51.917	93.3038
51.933	93.3031
51.950	93.3026
51.967	93.3020
51.983	93.3015
52.000	93.3011
52.017	93.3005
52.033	93.2999
52.050	93.2993
52.067	93.2991
52.083	93.2989
52.100	93.2985
52.117	93.2976
52.133	93.2968
52.150	93.2959
52.167	93.2953
52.183	93.2946
52.200	93.2941
52.217	93.2936
52.233	93.2933
52.250	93.2929
52.267	93.2922
52.283	93.2913
52.300	93.2904
52.317	93.2897
52.333	93.2890
52.350	93.2886
52.367	93.2881
52.383	93.2877
52.400	93.2872
52.417	93.2865
52.433	93.2858
52.450	93.2852
52.467	93.2845
52.483	93.2839
52.500	93.2832
52.517	93.2827
52.533	93.2822
52.550	93.2815
52.567	93.2809
52.583	93.2803
52.600	93.2796
52.617	93.2789
52.633	93.2785
52.650	93.2780
52.667	93.2775
52.683	93.2769
52.700	93.2764
52.717	93.2759
52.733	93.2754
52.750	93.2751
52.767	93.2745
52.783	93.2739
52.800	93.2734
52.817	93.2728
52.833	93.2722
52.850	93.2716
52.867	93.2711
52.883	93.2706
52.900	93.2701
52.917	93.2696
52.933	93.2689
52.950	93.2682
52.967	93.2676
52.983	93.2669
53.000	93.2665
53.017	93.2660
53.033	93.2655
53.050	93.2649
53.067	93.2644
53.083	93.2639
53.100	93.2634
53.117	93.2629
53.133	93.2624
53.150	93.2619
53.167	93.2614
53.183	93.2608
53.200	93.2604
53.217	93.2599
53.233	93.2594
53.250	93.2589
53.267	93.2583
53.283	93.2577
53.300	93.2571
53.317	93.2566
53.333	93.2561
53.350	93.2557
53.367	93.2553
53.383	93.2548
53.400	93.2542
53.417	93.2537
53.433	93.2531
53.450	93.2527
53.467	93.2522
53.483	93.2517
53.500	93.2513
53.517	93.2510
53.533	93.2504
53.550	93.2499
53.567	93.2495
53.583	93.2489
53.600	93.2485
53.617	93.2479
53.633	93.2471
53.650	93.2463
53.667	93.2457
53.683	93.2451
53.700	93.2448
53.717	93.2445
53.733	93.2441
53.750	93.2437
53.767	93.2430
53.783	93.2425
53.800	93.2421
53.817	93.2416
53.833	93.2411
53.850	93.2407
53.867	93.2403
53.883	93.2400
53.900	93.2394
53.917	93.2389
53.933	93.2382
53.950	93.2377
53.967	93.2373
53.983	93.2369
54.000	93.2365
54.017	93.2362
54.033	93.2359
54.050	93.2354
54.067	93.2350
54.083	93.2342
54.100	93.2337
54.117	93.2331
54.133	93.2327
54.150	93.2322
54.167	93.2318
54.183	93.2314
54.200	93.2310
54.217	93.2307
54.233	93.2301
54.250	93.2292
54.267	93.2286
54.283	93.2281
54.300	93.2277
54.317	93.2275
54.333	93.2271
54.350	93.2267
54.367	93.2260
54.383	93.2253
54.400	93.2248
54.417	93.2243
54.433	93.2238
54.450	93.2233
54.467	93.2230
54.483	93.2226
54.500	93.2223
54.517	93.2219
54.533	93.2215
54.550	93.2210
54.567	93.2206
54.583	93.2201
54.600	93.2195
54.617	93.2190
54.633	93.2184
54.650	93.2179
54.667	93.2175
54.683	93.2172
54.700	93.2167
54.717	93.2163
54.733	93.2159
54.750	93.2155
54.767	93.2151
54.783	93.2146
54.800	93.2142
54.817	93.2138
54.833	93.2132
54.850	93.2129
54.867	93.2123
54.883	93.2119
54.900	93.2115
54.917	93.2110
54.933	93.2108
54.950	93.2104
54.967	93.2100
54.983	93.2096
55.000	93.2091
55.017	93.2088
55.033	93.2087
55.050	93.2085
55.067	93.2082
55.083	93.2076
55.100	93.2069
55.117	93.2063
55.133	93.2055
55.150	93.2047
55.167	93.2040
55.183	93.2035
55.200	93.2030
55.217	93.2028
55.233	93.2025
55.250	93.2023
55.267	93.2018
55.283	93.2015
55.300	93.2010
55.317	93.2005
55.333	93.2003
55.350	93.1999
55.367	93.1995
55.383	93.1992
55.400	93.1988
55.417	93.1985
55.433	93.1981
55.450	93.1975
55.467	93.1971
55.483	93.1966
55.500	93.1961
55.517	93.1958
55.533	93.1955
55.550	93.1951
55.567	93.1946
55.583	93.1941
55.600	93.1938
55.617	93.1934
55.633	93.1931
55.650	93.1930
55.667	93.1927
55.683	93.1922
55.700	93.1915
55.717	93.1908
55.733	93.1901
55.750	93.1897
55.767	93.1894
55.783	93.1891
55.800	93.1889
55.817	93.1887
55.833	93.1882
55.850	93.1878
55.867	93.1875
55.883	93.1871
55.900	93.1867
55.917	93.1863
55.933	93.1859
55.950	93.1858
55.967	93.1856
55.983	93.1852
56.000	93.1847
56.017	93.1844
56.033	93.1839
56.050	93.1834
56.067	93.1828
56.083	93.1824
56.100	93.1821
56.117	93.1818
56.133	93.1814
56.150	93.1809
56.167	93.1806
56.183	93.1803
56.200	93.1799
56.217	93.1798
56.233	93.1795
56.250	93.1792
56.267	93.1790
56.283	93.1785
56.300	93.1781
56.317	93.1777
56.333	93.1773
56.350	93.1770
56.367	93.1766
56.383	93.1763
56.400	93.1760
56.417	93.1756
56.433	93.1752
56.450	93.1748
56.467	93.1743
56.483	93.1737
56.500	93.1733
56.517	93.1729
56.533	93.1725
56.550	93.1721
56.567	93.1719
56.583	93.1715
56.600	93.1712
56.617	93.1711
56.633	93.1706
56.650	93.1702
56.667	93.1698
56.683	93.1692
56.700	93.1688
56.717	93.1683
56.733	93.1680
56.750	93.1676
56.767	93.1673
56.783	93.1668
56.800	93.1666
56.817	93.1662
56.833	93.1659
56.850	93.1654
56.867	93.1650
56.883	93.1646
56.900	93.1643
56.917	93.1639
56.933	93.1634
56.950	93.1630
56.967	93.1626
56.983	93.1622
57.000	93.1618
57.017	93.1613
57.033	93.1611
57.050	93.1609
57.067	93.1606
57.083	93.1603
57.100	93.1601
57.117	93.1598
57.133	93.1596
57.150	93.1593
57.167	93.1588
57.183	93.1583
57.200	93.1580
57.217	93.1578
57.233	93.1575
57.250	93.1571
57.267	93.1568
57.283	93.1563
57.300	93.1560
57.317	93.1556
57.333	93.1553
57.350	93.1547
57.367	93.1542
57.383	93.1537
57.400	93.1534
57.417	93.1532
57.433	93.1530
57.450	93.1528
57.467	93.1526
57.483	93.1524
57.500	93.1521
57.517	93.1516
57.533	93.1514
57.550	93.1511
57.567	93.1510
57.583	93.1507
57.600	93.1505
57.617	93.1501
57.633	93.1498
57.650	93.1495
57.667	93.1491
57.683	93.1487
57.700	93.1482
57.717	93.1477
57.733	93.1473
57.750	93.1470
57.767	93.1466
57.783	93.1461
57.800	93.1456
57.817	93.1455
57.833	93.1452
57.850	93.1449
57.867	93.1443
57.883	93.1438
57.900	93.1434
57.917	93.1433
57.933	93.1433
57.950	93.1430
57.967	93.1424
57.983	93.1417
58.000	93.1414
58.017	93.1411
58.033	93.1405
58.050	93.1402
58.067	93.1402
58.083	93.1399
58.100	93.1397
58.117	93.1394
58.133	93.1391
58.150	93.1387
58.167	93.1382
58.183	93.1380
58.200	93.1376
58.217	93.1372
58.233	93.1371
58.250	93.1369
58.267	93.1365
58.283	93.1362
58.300	93.1358
58.317	93.1357
58.333	93.1357
58.350	93.1357
58.367	93.1354
58.383	93.1349
58.400	93.1344
58.417	93.1341
58.433	93.1338
58.450	93.1336
58.467	93.1331
58.483	93.1327
58.500	93.1322
58.517	93.1319
58.533	93.1317
58.550	93.1313
58.567	93.1309
58.583	93.1305
58.600	93.1303
58.617	93.1300
58.633	93.1299
58.650	93.1296
58.667	93.1293
58.683	93.1288
58.700	93.1285
58.717	93.1281
58.733	93.1279
58.750	93.1277
58.767	93.1272
58.783	93.1269
58.800	93.1266
58.817	93.1263
58.833	93.1259
58.850	93.1255
58.867	93.1252
58.883	93.1251
58.900	93.1249
58.917	93.1245
58.933	93.1242
58.950	93.1237
58.967	93.1231
58.983	93.1227
59.000	93.1224
59.017	93.1221
59.033	93.1219
59.050	93.1219
59.067	93.1217
59.083	93.1214
59.100	93.1210
59.117	93.1206
59.133	93.1203
59.150	93.1200
59.167	93.1198
59.183	93.1195
59.200	93.1192
59.217	93.1189
59.233	93.1185
59.250	93.1183
59.267	93.1179
59.283	93.1175
59.300	93.1172
59.317	93.1168
59.333	93.1165
59.350	93.1160
59.367	93.1158
59.383	93.1155
59.400	93.1152
59.417	93.1149
59.433	93.1146
59.450	93.1142
59.467	93.1139
59.483	93.1135
59.500	93.1129
59.517	93.1125
59.533	93.1121
59.550	93.1118
59.567	93.1116
59.583	93.1114
59.600	93.1111
59.617	93.1108
59.633	93.1103
59.650	93.1099
59.667	93.1096
59.683	93.1096
59.700	93.1095
59.717	93.1092
59.733	93.1092
59.750	93.1094
59.767	93.1094
59.783	93.1090
59.800	93.1084
59.817	93.1079
59.833	93.1073
59.850	93.1067
59.867	93.1063
59.883	93.1059
59.900	93.1055
59.917	93.1051
59.933	93.1049
59.950	93.1047
59.967	93.1045
59.983	93.1042
60.000	93.1039
60.017	93.1040
60.033	93.1041
60.050	93.1040
60.067	93.1040
60.083	93.1037
60.100	93.1035
60.117	93.1029
60.133	93.1023
60.150	93.1020
60.167	93.1016
60.183	93.1009
60.200	93.1004
60.217	93.1000
60.233	93.0998
60.250	93.0997
60.267	93.0994
60.283	93.0991
60.300	93.0989
60.317	93.0985
60.333	93.0982
60.350	93.0979
60.367	93.0978
60.383	93.0975
60.400	93.0972
60.417	93.0967
60.433	93.0961
60.450	93.0957
60.467	93.0954
60.483	93.0951
60.500	93.0949
60.517	93.0947
60.533	93.0946
60.550	93.0944
60.567	93.0941
60.583	93.0937
60.600	93.0935
60.617	93.0934
60.633	93.0934
60.650	93.0931
60.667	93.0927
60.683	93.0924
60.700	93.0922
60.717	93.0918
60.733	93.0913
60.750	93.0910
60.767	93.0908
60.783	93.0906
60.800	93.0903
60.817	93.0900
60.833	93.0898
60.850	93.0895
60.867	93.0890
60.883	93.0886
60.900	93.0884
60.917	93.0883
60.933	93.0881
60.950	93.0878
60.967	93.0874
60.983	93.0872
61.000	93.0869
61.017	93.0867
61.033	93.0866
61.050	93.0862
61.067	93.0862
61.083	93.0862
61.100	93.0859
61.117	93.0852
61.133	93.0845
61.150	93.0840
61.167	93.0837
61.183	93.0834
61.200	93.0835
61.217	93.0831
61.233	93.0832
61.250	93.0830
61.267	93.0825
61.283	93.0822
61.300	93.0820
61.317	93.0817
61.333	93.0816
61.350	93.0815
61.367	93.0813
61.383	93.0809
61.400	93.0806
61.417	93.0802
61.433	93.0799
61.450	93.0797
61.467	93.0795
61.483	93.0794
61.500	93.0792
61.517	93.0790
61.533	93.0787
61.550	93.0784
61.567	93.0782
61.583	93.0779
61.600	93.0777
61.617	93.0775
61.633	93.0771
61.650	93.0768
61.667	93.0766
61.683	93.0761
61.700	93.0757
61.717	93.0755
61.733	93.0754
61.750	93.0751
61.767	93.0750
61.783	93.0747
61.800	93.0744
61.817	93.0742
61.833	93.0740
61.850	93.0738
61.867	93.0735
61.883	93.0732
61.900	93.0730
61.917	93.0725
61.933	93.0722
61.950	93.0718
61.967	93.0715
61.983	93.0711
62.000	93.0709
62.017	93.0708
62.033	93.0707
62.050	93.0703
62.067	93.0698
62.083	93.0693
62.100	93.0690
62.117	93.0688
62.133	93.0689
62.150	93.0687
62.167	93.0684
62.183	93.0681
62.200	93.0679
62.217	93.0675
62.233	93.0673
62.250	93.0670
62.267	93.0668
62.283	93.0665
62.300	93.0663
62.317	93.0659
62.333	93.0655
62.350	93.0653
62.367	93.0652
62.383	93.0651
62.400	93.0651
62.417	93.0650
62.433	93.0651
62.450	93.0651
62.467	93.0645
62.483	93.0640
62.500	93.0634
62.517	93.0629
62.533	93.0626
62.550	93.0622
62.567	93.0620
62.583	93.0618
62.600	93.0615
62.617	93.0612
62.633	93.0609
62.650	93.0607
62.667	93.0605
62.683	93.0603
62.700	93.0603
62.717	93.0602
62.733	93.0599
62.750	93.0595
62.767	93.0592
62.783	93.0589
62.800	93.0587
62.817	93.0588
62.833	93.0586
62.850	93.0584
62.867	93.0581
62.883	93.0578
62.900	93.0576
62.917	93.0573
62.933	93.0570
62.950	93.0567
62.967	93.0562
62.983	93.0558
63.000	93.0554
63.017	93.0555
63.033	93.0554
63.050	93.0552
63.067	93.0551
63.083	93.0549
63.100	93.0546
63.117	93.0543
63.133	93.0539
63.150	93.0535
63.167	93.0533
63.183	93.0530
63.200	93.0527
63.217	93.0524
63.233	93.0521
63.250	93.0519
63.267	93.0516
63.283	93.0511
63.300	93.0506
63.317	93.0506
63.333	93.0504
63.350	93.0502
63.367	93.0499
63.383	93.0497
63.400	93.0497
63.417	93.0497
63.433	93.0495
63.450	93.0493
63.467	93.0491
63.483	93.0489
63.500	93.0488
63.517	93.0489
63.533	93.0488
63.550	93.0487
63.567	93.0483
63.583	93.0477
63.600	93.0473
63.617	93.0470
63.633	93.0468
63.650	93.0464
63.667	93.0461
63.683	93.0459
63.700	93.0457
63.717	93.0454
63.733	93.0452
63.750	93.0452
63.767	93.0453
63.783	93.0450
63.800	93.0447
63.817	93.0442
63.833	93.0437
63.850	93.0434
63.867	93.0432
63.883	93.0431
63.900	93.0430
63.917	93.0424
63.933	93.0421
63.950	93.0419
63.967	93.0419
63.983	93.0419
64.000	93.0416
64.017	93.0414
64.033	93.0410
64.050	93.0407
64.067	93.0403
64.083	93.0400
64.100	93.0396
64.117	93.0395
64.133	93.0396
64.150	93.0395
64.167	93.0392
64.183	93.0389
64.200	93.0386
64.217	93.0383
64.233	93.0379
64.250	93.0375
64.267	93.0370
64.283	93.0366
64.300	93.0365
64.317	93.0364
64.333	93.0364
64.350	93.0364
64.367	93.0362
64.383	93.0359
64.400	93.0356
64.417	93.0354
64.433	93.0350
64.450	93.0348
64.467	93.0347
64.483	93.0347
64.500	93.0344
64.517	93.0340
64.533	93.0336
64.550	93.0332
64.567	93.0332
64.583	93.0331
64.600	93.0330
64.617	93.0327
64.633	93.0326
64.650	93.0323
64.667	93.0320
64.683	93.0317
64.700	93.0314
64.717	93.0311
64.733	93.0309
64.750	93.0307
64.767	93.0306
64.783	93.0304
64.800	93.0303
64.817	93.0300
64.833	93.0299
64.850	93.0298
64.867	93.0298
64.883	93.0298
64.900	93.0296
64.917	93.0293
64.933	93.0286
64.950	93.0282
64.967	93.0278
64.983	93.0276
65.000	93.0273
65.017	93.0269
65.033	93.0267
65.050	93.0264
65.067	93.0263
65.083	93.0263
65.100	93.0263
65.117	93.0262
65.133	93.0262
65.150	93.0263
65.167	93.0261
65.183	93.0258
65.200	93.0256
65.217	93.0252
65.233	93.0250
65.250	93.0248
65.267	93.0246
65.283	93.0243
65.300	93.0241
65.317	93.0240
65.333	93.0239
65.350	93.0237
65.367	93.0232
65.383	93.0227
65.400	93.0225
65.417	93.0222
65.433	93.0220
65.450	93.0219
65.467	93.0216
65.483	93.0213
65.500	93.0210
65.517	93.0208
65.533	93.0205
65.550	93.0204
65.567	93.0203
65.583	93.0201
65.600	93.0200
65.617	93.0198
65.633	93.0196
65.650	93.0196
65.667	93.0193
65.683	93.0190
65.700	93.0186
65.717	93.0182
65.733	93.0179
65.750	93.0178
65.767	93.0176
65.783	93.0177
65.800	93.0176
65.817	93.0175
65.833	93.0174
65.850	93.0173
65.867	93.0171
65.883	93.0167
65.900	93.0163
65.917	93.0158
65.933	93.0157
65.950	93.0153
65.967	93.0151
65.983	93.0148
66.000	93.0146
66.017	93.0142
66.033	93.0139
66.050	93.0137
66.067	93.0136
66.083	93.0135
66.100	93.0135
66.117	93.0132
66.133	93.0130
66.150	93.0128
66.167	93.0128
66.183	93.0126
66.200	93.0125
66.217	93.0123
66.233	93.0120
66.250	93.0119
66.267	93.0117
66.283	93.0115
66.300	93.0113
66.317	93.0111
66.333	93.0108
66.350	93.0106
66.367	93.0102
66.383	93.0098
66.400	93.0093
66.417	93.0092
66.433	93.0090
66.450	93.0087
66.467	93.0085
66.483	93.0083
66.500	93.0080
66.517	93.0079
66.533	93.0077
66.550	93.0076
66.567	93.0073
66.583	93.0071
66.600	93.0068
66.617	93.0065
66.633	93.0064
66.650	93.0064
66.667	93.0064
66.683	93.0063
66.700	93.0061
66.717	93.0059
66.733	93.0054
66.750	93.0049
66.767	93.0043
66.783	93.0038
66.800	93.0036
66.817	93.0035
66.833	93.0033
66.850	93.0033
66.867	93.0032
66.883	93.0031
66.900	93.0028
66.917	93.0028
66.933	93.0026
66.950	93.0024
66.967	93.0025
66.983	93.0025
67.000	93.0024
67.017	93.0023
67.033	93.0020
67.050	93.0018
67.067	93.0015
67.083	93.0011
67.100	93.0008
67.117	93.0006
67.133	93.0004
67.150	93.0001
67.167	92.9999
67.183	92.9998
67.200	92.9996
67.217	92.9993
67.233	92.9991
67.250	92.9989
67.267	92.9989
67.283	92.9987
67.300	92.9987
67.317	92.9987
67.333	92.9987
67.350	92.9984
67.367	92.9981
67.383	92.9979
67.400	92.9979
67.417	92.9979
67.433	92.9976
67.450	92.9972
67.467	92.9968
67.483	92.9966
67.500	92.9963
67.517	92.9962
67.533	92.9962
67.550	92.9959
67.567	92.9958
67.583	92.9956
67.600	92.9953
67.617	92.9951
67.633	92.9947
67.650	92.9943
67.667	92.9941
67.683	92.9938
67.700	92.9937
67.717	92.9936
67.733	92.9933
67.750	92.9932
67.767	92.9931
67.783	92.9931
67.800	92.9931
67.817	92.9929
67.833	92.9925
67.850	92.9922
67.867	92.9918
67.883	92.9916
67.900	92.9913
67.917	92.9914
67.933	92.9915
67.950	92.9914
67.967	92.9913
67.983	92.9911
68.000	92.9908
68.017	92.9903
68.033	92.9900
68.050	92.9899
68.067	92.9897
68.083	92.9897
68.100	92.9896
68.117	92.9895
68.133	92.9893
68.150	92.9892
68.167	92.9891
68.183	92.9890
68.200	92.9888
68.217	92.9888
68.233	92.9886
68.250	92.9883
68.267	92.9880
68.283	92.9879
68.300	92.9877
68.317	92.9875
68.333	92.9872
68.350	92.9871
68.367	92.9869
68.383	92.9867
68.400	92.9865
68.417	92.9861
68.433	92.9860
68.450	92.9863
68.467	92.9863
68.483	92.9861
68.500	92.9858
68.517	92.9856
68.533	92.9854
68.550	92.9852
68.567	92.9850
68.583	92.9846
68.600	92.9843
68.617	92.9840
68.633	92.9839
68.650	92.9838
68.667	92.9835
68.683	92.9834
68.700	92.9833
68.717	92.9831
68.733	92.9830
68.750	92.9829
68.767	92.9828
68.783	92.9824
68.800	92.9821
68.817	92.9817
68.833	92.9814
68.850	92.9812
68.867	92.9809
68.883	92.9809
68.900	92.9807
68.917	92.9807
68.933	92.9806
68.950	92.9805
68.967	92.9804
68.983	92.9802
69.000	92.9801
69.017	92.9799
69.033	92.9797
69.050	92.9795
69.067	92.9795
69.083	92.9793
69.100	92.9792
69.117	92.9790
69.133	92.9788
69.150	92.9788
69.167	92.9788
69.183	92.9787
69.200	92.9785
69.217	92.9783
69.233	92.9781
69.250	92.9777
69.267	92.9773
69.283	92.9770
69.300	92.9768
69.317	92.9764
69.333	92.9764
69.350	92.9764
69.367	92.9763
69.383	92.9761
69.400	92.9759
69.417	92.9757
69.433	92.9754
69.450	92.9751
69.467	92.9748
69.483	92.9746
69.500	92.9744
69.517	92.9742
69.533	92.9742
69.550	92.9739
69.567	92.9735
69.583	92.9733
69.600	92.9731
69.617	92.9727
69.633	92.9725
69.650	92.9724
69.667	92.9724
69.683	92.9723
69.700	92.9722
69.717	92.9720
69.733	92.9716
69.750	92.9714
69.767	92.9711
69.783	92.9710
69.800	92.9710
69.817	92.9710
69.833	92.9708
69.850	92.9706
69.867	92.9704
69.883	92.9701
69.900	92.9699
69.917	92.9697
69.933	92.9697
69.950	92.9697
69.967	92.9696
69.983	92.9692
70.000	92.9690
70.017	92.9688
70.033	92.9687
70.050	92.9687
70.067	92.9684
70.083	92.9682
70.100	92.9679
70.117	92.9677
70.133	92.9674
70.150	92.9671
70.167	92.9669
70.183	92.9667
70.200	92.9666
70.217	92.9664
70.233	92.9663
70.250	92.9660
70.267	92.9659
70.283	92.9657
70.300	92.9656
70.317	92.9653
70.333	92.9649
70.350	92.9648
70.367	92.9646
70.383	92.9644
70.400	92.9641
70.417	92.9639
70.433	92.9637
70.450	92.9636
70.467	92.9634
70.483	92.9633
70.500	92.9630
70.517	92.9629
70.533	92.9628
70.550	92.9625
70.567	92.9626
70.583	92.9629
70.600	92.9629
70.617	92.9625
70.633	92.9622
70.650	92.9620
70.667	92.9616
70.683	92.9613
70.700	92.9608
70.717	92.9605
70.733	92.9604
70.750	92.9602
70.767	92.9600
70.783	92.9597
70.800	92.9594
70.817	92.9589
70.833	92.9587
70.850	92.9586
70.867	92.9587
70.883	92.9588
70.900	92.9585
70.917	92.9584
70.933	92.9583
70.950	92.9583
70.967	92.9582
70.983	92.9579
71.000	92.9578
71.017	92.9575
71.033	92.9573
71.050	92.9572
71.067	92.9569
71.083	92.9568
71.100	92.9566
71.117	92.9564
71.133	92.9564
71.150	92.9563
71.167	92.9564
71.183	92.9562
71.200	92.9561
71.217	92.9560
71.233	92.9557
71.250	92.9553
71.267	92.9548
71.283	92.9544
71.300	92.9543
71.317	92.9541
71.333	92.9539
71.350	92.9538
71.367	92.9536
71.383	92.9535
71.400	92.9535
71.417	92.9534
71.433	92.9531
71.450	92.9529
71.467	92.9528
71.483	92.9526
71.500	92.9524
71.517	92.9523
71.533	92.9522
71.550	92.9521
71.567	92.9520
71.583	92.9519
71.600	92.9517
71.617	92.9514
71.633	92.9511
71.650	92.9511
71.667	92.9509
71.683	92.9507
71.700	92.9501
71.717	92.9498
71.733	92.9497
71.750	92.9496
71.767	92.9493
71.783	92.9491
71.800	92.9490
71.817	92.9488
71.833	92.9486
71.850	92.9485
71.867	92.9482
71.883	92.9483
71.900	92.9483
71.917	92.9483
71.933	92.9482
71.950	92.9479
71.967	92.9478
71.983	92.9477
72.000	92.9474
72.017	92.9470
72.033	92.9467
72.050	92.9466
72.067	92.9463
72.083	92.9461
72.100	92.9459
72.117	92.9457
72.133	92.9457
72.150	92.9456
72.167	92.9454
72.183	92.9452
72.200	92.9452
72.217	92.9450
72.233	92.9448
72.250	92.9445
72.267	92.9442
72.283	92.9441
72.300	92.9439
72.317	92.9438
72.333	92.9437
72.350	92.9436
72.367	92.9434
72.383	92.9433
72.400	92.9431
72.417	92.9426
72.433	92.9424
72.450	92.9423
72.467	92.9423
72.483	92.9422
72.500	92.9421
72.517	92.9420
72.533	92.9418
72.550	92.9415
72.567	92.9414
72.583	92.9410
72.600	92.9406
72.617	92.9405
72.633	92.9404
72.650	92.9401
72.667	92.9400
72.683	92.9398
72.700	92.9396
72.717	92.9395
72.733	92.9395
72.750	92.9393
72.767	92.9390
72.783	92.9390
72.800	92.9388
72.817	92.9387
72.833	92.9385
72.850	92.9384
72.867	92.9381
72.883	92.9378
72.900	92.9377
72.917	92.9376
72.933	92.9373
72.950	92.9368
72.967	92.9366
72.983	92.9364
73.000	92.9363
73.017	92.9362
73.033	92.9361
73.050	92.9359
73.067	92.9359
73.083	92.9359
73.100	92.9356
73.117	92.9356
73.133	92.9356
73.150	92.9355
73.167	92.9354
73.183	92.9351
73.200	92.9348
73.217	92.9346
73.233	92.9345
73.250	92.9343
73.267	92.9342
73.283	92.9341
73.300	92.9338
73.317	92.9335
73.333	92.9334
73.350	92.9333
73.367	92.9333
73.383	92.9335
73.400	92.9337
73.417	92.9335
73.433	92.9333
73.450	92.9329
73.467	92.9326
73.483	92.9323
73.500	92.9321
73.517	92.9319
73.533	92.9319
73.550	92.9317
73.567	92.9312
73.583	92.9309
73.600	92.9306
73.617	92.9307
73.633	92.9307
73.650	92.9306
73.667	92.9306
73.683	92.9305
73.700	92.9303
73.717	92.9300
73.733	92.9297
73.750	92.9295
73.767	92.9292
73.783	92.9290
73.800	92.9290
73.817	92.9291
73.833	92.9289
73.850	92.9287
73.867	92.9285
73.883	92.9283
73.900	92.9282
73.917	92.9281
73.933	92.9280
73.950	92.9278
73.967	92.9279
73.983	92.9280
74.000	92.9281
74.017	92.9282
74.033	92.9281
74.050	92.9278
74.067	92.9274
74.083	92.9270
74.100	92.9266
74.117	92.9263
74.133	92.9264
74.150	92.9263
74.167	92.9263
74.183	92.9261
74.200	92.9258
74.217	92.9255
74.233	92.9253
74.250	92.9250
74.267	92.9247
74.283	92.9245
74.300	92.9243
74.317	92.9243
74.333	92.9242
74.350	92.9241
74.367	92.9239
74.383	92.9237
74.400	92.9234
74.417	92.9232
74.433	92.9229
74.450	92.9227
74.467	92.9226
74.483	92.9225
74.500	92.9225
74.517	92.9225
74.533	92.9222
74.550	92.9220
74.567	92.9217
74.583	92.9216
74.600	92.9215
74.617	92.9213
74.633	92.9212
74.650	92.9214
74.667	92.9214
74.683	92.9213
74.700	92.9211
74.717	92.9208
74.733	92.9207
74.750	92.9204
74.767	92.9202
74.783	92.9200
74.800	92.9198
74.817	92.9196
74.833	92.9194
74.850	92.9194
74.867	92.9193
74.883	92.9192
74.900	92.9189
74.917	92.9185
74.933	92.9183
74.950	92.9180
74.967	92.9178
74.983	92.9179
75.000	92.9179
75.017	92.9181
75.033	92.9180
75.050	92.9178
75.067	92.9172
75.083	92.9167
75.100	92.9164
75.117	92.9163
75.133	92.9161
75.150	92.9160
75.167	92.9160
75.183	92.9160
75.200	92.9160
75.217	92.9159
75.233	92.9156
75.250	92.9153
75.267	92.9150
75.283	92.9149
75.300	92.9146
75.317	92.9144
75.333	92.9143
75.350	92.9143
75.367	92.9142
75.383	92.9141
75.400	92.9137
75.417	92.9136
75.433	92.9134
75.450	92.9132
75.467	92.9130
75.483	92.9126
75.500	92.9123
75.517	92.9122
75.533	92.9122
75.550	92.9120
75.567	92.9118
75.583	92.9117
75.600	92.9116
75.617	92.9113
75.633	92.9110
75.650	92.9108
75.667	92.9107
75.683	92.9106
75.700	92.9103
75.717	92.9104
75.733	92.9104
75.750	92.9105
75.767	92.9105
75.783	92.9103
75.800	92.9101
75.817	92.9099
75.833	92.9097
75.850	92.9095
75.867	92.9094
75.883	92.9092
75.900	92.9092
75.917	92.9092
75.933	92.9090
75.950	92.9090
75.967	92.9090
75.983	92.9088
76.000	92.9086
76.017	92.9085
76.033	92.9083
76.050	92.9081
76.067	92.9079
76.083	92.9079
76.100	92.9081
76.117	92.9079
76.133	92.9077
76.150	92.9073
76.167	92.9071
76.183	92.9070
76.200	92.9068
76.217	92.9067
76.233	92.9064
76.250	92.9063
76.267	92.9061
76.283	92.9059
76.300	92.9056
76.317	92.9051
76.333	92.9049
76.350	92.9048
76.367	92.9046
76.383	92.9045
76.400	92.9046
76.417	92.9048
76.433	92.9047
76.450	92.9046
76.467	92.9045
76.483	92.9042
76.500	92.9040
76.517	92.9039
76.533	92.9038
76.550	92.9035
76.567	92.9033
76.583	92.9031
76.600	92.9030
76.617	92.9031
76.633	92.9029
76.650	92.9027
76.667	92.9025
76.683	92.9022
76.700	92.9020
76.717	92.9018
76.733	92.9016
76.750	92.9015
76.767	92.9015
76.783	92.9014
76.800	92.9012
76.817	92.9009
76.833	92.9006
76.850	92.9005
76.867	92.9002
76.883	92.9001
76.900	92.9000
76.917	92.9000
76.933	92.9000
76.950	92.9000
76.967	92.9000
76.983	92.9000
77.000	92.9001
77.017	92.8999
77.033	92.8998
77.050	92.8995
77.067	92.8991
77.083	92.8988
77.100	92.8984
77.117	92.8983
77.133	92.8982
77.150	92.8980
77.167	92.8979
77.183	92.8976
77.200	92.8976
77.217	92.8974
77.233	92.8974
77.250	92.8974
77.267	92.8973
77.283	92.8973
77.300	92.8973
77.317	92.8973
77.333	92.8970
77.350	92.8966
77.367	92.8965
77.383	92.8964
77.400	92.8963
77.417	92.8965
77.433	92.8965
77.450	92.8965
77.467	92.8965
77.483	92.8963
77.500	92.8959
77.517	92.8955
77.533	92.8951
77.550	92.8947
77.567	92.8945
77.583	92.8942
77.600	92.8943
77.617	92.8942
77.633	92.8942
77.650	92.8940
77.667	92.8938
77.683	92.8938
77.700	92.8937
77.717	92.8937
77.733	92.8934
77.750	92.8931
77.767	92.8931
77.783	92.8929
77.800	92.8927
77.817	92.8925
77.833	92.8923
77.850	92.8923
77.867	92.8922
77.883	92.8920
77.900	92.8918
77.917	92.8913
77.933	92.8912
77.950	92.8911
77.967	92.8912
77.983	92.8911
78.000	92.8910
78.017	92.8911
78.033	92.8910
78.050	92.8908
78.067	92.8907
78.083	92.8904
78.100	92.8902
