Filename:	D:\Users\Thermal_Users\LeBlanc\Cu ink 8_8_16.tg1d

Time (min)	Weight % (%)
0.000	100.0101
1.667e-002	100.0132
3.333e-002	100.0165
5.000e-002	100.0187
6.667e-002	100.0203
8.333e-002	100.0210
1.000e-001	100.0206
0.117	100.0202
0.133	100.0190
0.150	100.0176
0.167	100.0167
0.183	100.0159
0.200	100.0150
0.217	100.0142
0.233	100.0130
0.250	100.0114
0.267	100.0099
0.283	100.0084
0.300	100.0070
0.317	100.0064
0.333	100.0054
0.350	100.0050
0.367	100.0043
0.383	100.0028
0.400	100.0013
0.417	99.9998
0.433	99.9988
0.450	99.9979
0.467	99.9972
0.483	99.9963
0.500	99.9955
0.517	99.9947
0.533	99.9936
0.550	99.9926
0.567	99.9919
0.583	99.9915
0.600	99.9909
0.617	99.9897
0.633	99.9890
0.650	99.9885
0.667	99.9882
0.683	99.9878
0.700	99.9876
0.717	99.9879
0.733	99.9877
0.750	99.9874
0.767	99.9867
0.783	99.9858
0.800	99.9851
0.817	99.9846
0.833	99.9843
0.850	99.9838
0.867	99.9831
0.883	99.9823
0.900	99.9821
0.917	99.9817
0.933	99.9813
0.950	99.9810
0.967	99.9809
0.983	99.9805
1.000	99.9800
1.017	99.9799
1.033	99.9800
1.050	99.9796
1.067	99.9791
1.083	99.9787
1.100	99.9787
1.117	99.9789
1.133	99.9789
1.150	99.9790
1.167	99.9799
1.183	99.9803
1.200	99.9806
1.217	99.9814
1.233	99.9818
1.250	99.9822
1.267	99.9826
1.283	99.9824
1.300	99.9823
1.317	99.9822
1.333	99.9822
1.350	99.9822
1.367	99.9823
1.383	99.9822
1.400	99.9868
1.417	100.0048
1.433	100.0262
1.450	100.0434
1.467	100.0539
1.483	100.0584
1.500	100.0581
1.517	100.0547
1.533	100.0492
1.550	100.0420
1.567	100.0337
1.583	100.0248
1.600	100.0153
1.617	100.0050
1.633	99.9943
1.650	99.9837
1.667	99.9731
1.683	99.9623
1.700	99.9507
1.717	99.9390
1.733	99.9270
1.750	99.9144
1.767	99.9012
1.783	99.8880
1.800	99.8742
1.817	99.8598
1.833	99.8455
1.850	99.8313
1.867	99.8172
1.883	99.8032
1.900	99.7893
1.917	99.7754
1.933	99.7614
1.950	99.7477
1.967	99.7341
1.983	99.7206
2.000	99.7073
2.017	99.6946
2.033	99.6820
2.050	99.6698
2.067	99.6580
2.083	99.6467
2.100	99.6356
2.117	99.6243
2.133	99.6136
2.150	99.6037
2.167	99.5948
2.183	99.5868
2.200	99.5796
2.217	99.5728
2.233	99.5665
2.250	99.5605
2.267	99.5550
2.283	99.5492
2.300	99.5435
2.317	99.5390
2.333	99.5350
2.350	99.5315
2.367	99.5284
2.383	99.5255
2.400	99.5232
2.417	99.5214
2.433	99.5199
2.450	99.5190
2.467	99.5187
2.483	99.5190
2.500	99.5199
2.517	99.5213
2.533	99.5225
2.550	99.5238
2.567	99.5257
2.583	99.5280
2.600	99.5308
2.617	99.5339
2.633	99.5373
2.650	99.5408
2.667	99.5447
2.683	99.5489
2.700	99.5542
2.717	99.5596
2.733	99.5651
2.750	99.5705
2.767	99.5754
2.783	99.5804
2.800	99.5857
2.817	99.5920
2.833	99.5987
2.850	99.6053
2.867	99.6119
2.883	99.6185
2.900	99.6250
2.917	99.6316
2.933	99.6383
2.950	99.6454
2.967	99.6527
2.983	99.6607
3.000	99.6687
3.017	99.6764
3.033	99.6842
3.050	99.6915
3.067	99.6990
3.083	99.7065
3.100	99.7140
3.117	99.7215
3.133	99.7290
3.150	99.7370
3.167	99.7451
3.183	99.7531
3.200	99.7615
3.217	99.7696
3.233	99.7777
3.250	99.7856
3.267	99.7934
3.283	99.8013
3.300	99.8094
3.317	99.8172
3.333	99.8253
3.350	99.8332
3.367	99.8411
3.383	99.8489
3.400	99.8565
3.417	99.8642
3.433	99.8721
3.450	99.8798
3.467	99.8880
3.483	99.8958
3.500	99.9032
3.517	99.9112
3.533	99.9191
3.550	99.9272
3.567	99.9350
3.583	99.9427
3.600	99.9502
3.617	99.9576
3.633	99.9650
3.650	99.9723
3.667	99.9795
3.683	99.9873
3.700	99.9944
3.717	100.0017
3.733	100.0095
3.750	100.0172
3.767	100.0254
3.783	100.0337
3.800	100.0419
3.817	100.0497
3.833	100.0570
3.850	100.0645
3.867	100.0717
3.883	100.0797
3.900	100.0875
3.917	100.0950
3.933	100.1024
3.950	100.1097
3.967	100.1179
3.983	100.1259
4.000	100.1334
4.017	100.1411
4.033	100.1486
4.050	100.1558
4.067	100.1635
4.083	100.1709
4.100	100.1786
4.117	100.1865
4.133	100.1948
4.150	100.2026
4.167	100.2101
4.183	100.2179
4.200	100.2253
4.217	100.2326
4.233	100.2402
4.250	100.2480
4.267	100.2558
4.283	100.2635
4.300	100.2714
4.317	100.2790
4.333	100.2865
4.350	100.2941
4.367	100.3023
4.383	100.3096
4.400	100.3171
4.417	100.3248
4.433	100.3326
4.450	100.3396
4.467	100.3470
4.483	100.3551
4.500	100.3632
4.517	100.3711
4.533	100.3791
4.550	100.3868
4.567	100.3944
4.583	100.4020
4.600	100.4096
4.617	100.4169
4.633	100.4247
4.650	100.4324
4.667	100.4405
4.683	100.4482
4.700	100.4564
4.717	100.4648
4.733	100.4730
4.750	100.4805
4.767	100.4880
4.783	100.4951
4.800	100.5022
4.817	100.5099
4.833	100.5172
4.850	100.5245
4.867	100.5314
4.883	100.5382
4.900	100.5453
4.917	100.5525
4.933	100.5598
4.950	100.5665
4.967	100.5739
4.983	100.5814
5.000	100.5889
5.017	100.5964
5.033	100.6038
5.050	100.6110
5.067	100.6182
5.083	100.6254
5.100	100.6323
5.117	100.6392
5.133	100.6460
5.150	100.6529
5.167	100.6596
5.183	100.6665
5.200	100.6735
5.217	100.6806
5.233	100.6876
5.250	100.6943
5.267	100.7008
5.283	100.7073
5.300	100.7137
5.317	100.7205
5.333	100.7269
5.350	100.7333
5.367	100.7398
5.383	100.7464
5.400	100.7529
5.417	100.7591
5.433	100.7646
5.450	100.7706
5.467	100.7766
5.483	100.7824
5.500	100.7886
5.517	100.7949
5.533	100.8012
5.550	100.8079
5.567	100.8147
5.583	100.8211
5.600	100.8270
5.617	100.8322
5.633	100.8371
5.650	100.8422
5.667	100.8473
5.683	100.8529
5.700	100.8583
5.717	100.8636
5.733	100.8685
5.750	100.8732
5.767	100.8780
5.783	100.8830
5.800	100.8882
5.817	100.8936
5.833	100.8986
5.850	100.9040
5.867	100.9093
5.883	100.9144
5.900	100.9193
5.917	100.9241
5.933	100.9288
5.950	100.9333
5.967	100.9380
5.983	100.9427
6.000	100.9472
6.017	100.9518
6.033	100.9559
6.050	100.9601
6.067	100.9641
6.083	100.9682
6.100	100.9720
6.117	100.9761
6.133	100.9803
6.150	100.9841
6.167	100.9879
6.183	100.9921
6.200	100.9963
6.217	101.0001
6.233	101.0033
6.250	101.0061
6.267	101.0093
6.283	101.0124
6.300	101.0157
6.317	101.0190
6.333	101.0220
6.350	101.0250
6.367	101.0284
6.383	101.0318
6.400	101.0351
6.417	101.0381
6.433	101.0413
6.450	101.0443
6.467	101.0473
6.483	101.0501
6.500	101.0530
6.517	101.0563
6.533	101.0597
6.550	101.0624
6.567	101.0646
6.583	101.0668
6.600	101.0688
6.617	101.0701
6.633	101.0717
6.650	101.0737
6.667	101.0760
6.683	101.0782
6.700	101.0805
6.717	101.0826
6.733	101.0845
6.750	101.0865
6.767	101.0884
6.783	101.0903
6.800	101.0922
6.817	101.0943
6.833	101.0960
6.850	101.0973
6.867	101.0987
6.883	101.0999
6.900	101.1011
6.917	101.1021
6.933	101.1031
6.950	101.1042
6.967	101.1054
6.983	101.1064
7.000	101.1071
7.017	101.1078
7.033	101.1084
7.050	101.1096
7.067	101.1109
7.083	101.1118
7.100	101.1125
7.117	101.1131
7.133	101.1139
7.150	101.1144
7.167	101.1150
7.183	101.1155
7.200	101.1161
7.217	101.1165
7.233	101.1165
7.250	101.1166
7.267	101.1164
7.283	101.1165
7.300	101.1168
7.317	101.1172
7.333	101.1176
7.350	101.1179
7.367	101.1181
7.383	101.1182
7.400	101.1180
7.417	101.1178
7.433	101.1177
7.450	101.1174
7.467	101.1172
7.483	101.1169
7.500	101.1167
7.517	101.1165
7.533	101.1160
7.550	101.1154
7.567	101.1150
7.583	101.1143
7.600	101.1137
7.617	101.1137
7.633	101.1135
7.650	101.1126
7.667	101.1114
7.683	101.1097
7.700	101.1084
7.717	101.1068
7.733	101.1054
7.750	101.1039
7.767	101.1029
7.783	101.1019
7.800	101.1009
7.817	101.1001
7.833	101.0990
7.850	101.0979
7.867	101.0969
7.883	101.0957
7.900	101.0946
7.917	101.0933
7.933	101.0918
7.950	101.0904
7.967	101.0889
7.983	101.0873
8.000	101.0860
8.017	101.0844
8.033	101.0824
8.050	101.0810
8.067	101.0795
8.083	101.0779
8.100	101.0765
8.117	101.0746
8.133	101.0726
8.150	101.0708
8.167	101.0688
8.183	101.0670
8.200	101.0652
8.217	101.0635
8.233	101.0617
8.250	101.0596
8.267	101.0576
8.283	101.0554
8.300	101.0533
8.317	101.0512
8.333	101.0492
8.350	101.0472
8.367	101.0452
8.383	101.0430
8.400	101.0406
8.417	101.0387
8.433	101.0368
8.450	101.0347
8.467	101.0321
8.483	101.0291
8.500	101.0261
8.517	101.0234
8.533	101.0207
8.550	101.0180
8.567	101.0159
8.583	101.0134
8.600	101.0114
8.617	101.0094
8.633	101.0067
8.650	101.0043
8.667	101.0019
8.683	100.9992
8.700	100.9963
8.717	100.9933
8.733	100.9905
8.750	100.9879
8.767	100.9850
8.783	100.9820
8.800	100.9793
8.817	100.9769
8.833	100.9738
8.850	100.9704
8.867	100.9672
8.883	100.9645
8.900	100.9618
8.917	100.9593
8.933	100.9569
8.950	100.9545
8.967	100.9518
8.983	100.9492
9.000	100.9462
9.017	100.9432
9.033	100.9409
9.050	100.9389
9.067	100.9368
9.083	100.9342
9.100	100.9311
9.117	100.9277
9.133	100.9242
9.150	100.9208
9.167	100.9174
9.183	100.9149
9.200	100.9124
9.217	100.9098
9.233	100.9072
9.250	100.9043
9.267	100.9013
9.283	100.8984
9.300	100.8952
9.317	100.8922
9.333	100.8894
9.350	100.8866
9.367	100.8842
9.383	100.8816
9.400	100.8789
9.417	100.8765
9.433	100.8742
9.450	100.8715
9.467	100.8688
9.483	100.8662
9.500	100.8637
9.517	100.8613
9.533	100.8584
9.550	100.8554
9.567	100.8527
9.583	100.8496
9.600	100.8467
9.617	100.8436
9.633	100.8405
9.650	100.8376
9.667	100.8350
9.683	100.8327
9.700	100.8303
9.717	100.8275
9.733	100.8250
9.750	100.8223
9.767	100.8194
9.783	100.8162
9.800	100.8129
9.817	100.8100
9.833	100.8069
9.850	100.8039
9.867	100.8012
9.883	100.7982
9.900	100.7958
9.917	100.7930
9.933	100.7903
9.950	100.7875
9.967	100.7847
9.983	100.7822
10.000	100.7794
10.017	100.7766
10.033	100.7738
10.050	100.7708
10.067	100.7677
10.083	100.7644
10.100	100.7613
10.117	100.7585
10.133	100.7559
10.150	100.7531
10.167	100.7504
10.183	100.7479
10.200	100.7453
10.217	100.7427
10.233	100.7398
10.250	100.7368
10.267	100.7344
10.283	100.7319
10.300	100.7296
10.317	100.7275
10.333	100.7257
10.350	100.7241
10.367	100.7220
10.383	100.7197
10.400	100.7176
10.417	100.7155
10.433	100.7137
10.450	100.7116
10.467	100.7096
10.483	100.7073
10.500	100.7050
10.517	100.7030
10.533	100.7009
10.550	100.6988
10.567	100.6968
10.583	100.6948
10.600	100.6930
10.617	100.6913
10.633	100.6898
10.650	100.6882
10.667	100.6863
10.683	100.6848
10.700	100.6833
10.717	100.6817
10.733	100.6799
10.750	100.6781
10.767	100.6766
10.783	100.6752
10.800	100.6738
10.817	100.6718
10.833	100.6698
10.850	100.6681
10.867	100.6664
10.883	100.6647
10.900	100.6630
10.917	100.6610
10.933	100.6587
10.950	100.6566
10.967	100.6547
10.983	100.6527
11.000	100.6508
11.017	100.6487
11.033	100.6468
11.050	100.6450
11.067	100.6428
11.083	100.6409
11.100	100.6390
11.117	100.6372
11.133	100.6351
11.150	100.6329
11.167	100.6306
11.183	100.6281
11.200	100.6254
11.217	100.6227
11.233	100.6205
11.250	100.6184
11.267	100.6162
11.283	100.6140
11.300	100.6118
11.317	100.6092
11.333	100.6068
11.350	100.6042
11.367	100.6017
11.383	100.5993
11.400	100.5971
11.417	100.5947
11.433	100.5925
11.450	100.5903
11.467	100.5877
11.483	100.5845
11.500	100.5811
11.517	100.5777
11.533	100.5743
11.550	100.5709
11.567	100.5680
11.583	100.5651
11.600	100.5621
11.617	100.5590
11.633	100.5560
11.650	100.5529
11.667	100.5501
11.683	100.5470
11.700	100.5437
11.717	100.5401
11.733	100.5369
11.750	100.5338
11.767	100.5308
11.783	100.5273
11.800	100.5237
11.817	100.5204
11.833	100.5170
11.850	100.5134
11.867	100.5100
11.883	100.5065
11.900	100.5027
11.917	100.4988
11.933	100.4950
11.950	100.4910
11.967	100.4872
11.983	100.4835
12.000	100.4798
12.017	100.4757
12.033	100.4717
12.050	100.4679
12.067	100.4641
12.083	100.4603
12.100	100.4567
12.117	100.4528
12.133	100.4490
12.150	100.4450
12.167	100.4410
12.183	100.4368
12.200	100.4325
12.217	100.4285
12.233	100.4247
12.250	100.4204
12.267	100.4159
12.283	100.4112
12.300	100.4071
12.317	100.4028
12.333	100.3985
12.350	100.3943
12.367	100.3895
12.383	100.3850
12.400	100.3806
12.417	100.3766
12.433	100.3723
12.450	100.3682
12.467	100.3641
12.483	100.3597
12.500	100.3554
12.517	100.3509
12.533	100.3465
12.550	100.3420
12.567	100.3375
12.583	100.3331
12.600	100.3290
12.617	100.3247
12.633	100.3204
12.650	100.3161
12.667	100.3117
12.683	100.3072
12.700	100.3030
12.717	100.2989
12.733	100.2946
12.750	100.2905
12.767	100.2861
12.783	100.2819
12.800	100.2774
12.817	100.2733
12.833	100.2691
12.850	100.2652
12.867	100.2612
12.883	100.2570
12.900	100.2527
12.917	100.2486
12.933	100.2443
12.950	100.2404
12.967	100.2368
12.983	100.2327
13.000	100.2283
13.017	100.2243
13.033	100.2206
13.050	100.2167
13.067	100.2131
13.083	100.2093
13.100	100.2055
13.117	100.2016
13.133	100.1977
13.150	100.1933
13.167	100.1890
13.183	100.1853
13.200	100.1816
13.217	100.1781
13.233	100.1744
13.250	100.1709
13.267	100.1673
13.283	100.1636
13.300	100.1598
13.317	100.1563
13.333	100.1532
13.350	100.1499
13.367	100.1464
13.383	100.1428
13.400	100.1392
13.417	100.1356
13.433	100.1321
13.450	100.1285
13.467	100.1252
13.483	100.1218
13.500	100.1183
13.517	100.1149
13.533	100.1113
13.550	100.1079
13.567	100.1041
13.583	100.1003
13.600	100.0969
13.617	100.0933
13.633	100.0901
13.650	100.0867
13.667	100.0833
13.683	100.0799
13.700	100.0766
13.717	100.0734
13.733	100.0701
13.750	100.0665
13.767	100.0630
13.783	100.0596
13.800	100.0561
13.817	100.0531
13.833	100.0497
13.850	100.0465
13.867	100.0430
13.883	100.0392
13.900	100.0356
13.917	100.0322
13.933	100.0287
13.950	100.0254
13.967	100.0221
13.983	100.0188
14.000	100.0155
14.017	100.0119
14.033	100.0081
14.050	100.0046
14.067	100.0010
14.083	99.9976
14.100	99.9943
14.117	99.9910
14.133	99.9877
14.150	99.9840
14.167	99.9806
14.183	99.9769
14.200	99.9732
14.217	99.9694
14.233	99.9656
14.250	99.9622
14.267	99.9591
14.283	99.9558
14.300	99.9523
14.317	99.9486
14.333	99.9448
14.350	99.9407
14.367	99.9370
14.383	99.9331
14.400	99.9294
14.417	99.9262
14.433	99.9224
14.450	99.9186
14.467	99.9147
14.483	99.9106
14.500	99.9066
14.517	99.9028
14.533	99.8989
14.550	99.8951
14.567	99.8912
14.583	99.8877
14.600	99.8841
14.617	99.8804
14.633	99.8765
14.650	99.8723
14.667	99.8683
14.683	99.8641
14.700	99.8607
14.717	99.8569
14.733	99.8528
14.750	99.8486
14.767	99.8444
14.783	99.8405
14.800	99.8365
14.817	99.8331
14.833	99.8292
14.850	99.8249
14.867	99.8206
14.883	99.8165
14.900	99.8125
14.917	99.8081
14.933	99.8037
14.950	99.7995
14.967	99.7951
14.983	99.7908
15.000	99.7861
15.017	99.7820
15.033	99.7779
15.050	99.7737
15.067	99.7696
15.083	99.7655
15.100	99.7616
15.117	99.7573
15.133	99.7531
15.150	99.7485
15.167	99.7438
15.183	99.7393
15.200	99.7348
15.217	99.7304
15.233	99.7257
15.250	99.7212
15.267	99.7168
15.283	99.7126
15.300	99.7085
15.317	99.7042
15.333	99.6999
15.350	99.6956
15.367	99.6905
15.383	99.6855
15.400	99.6804
15.417	99.6757
15.433	99.6711
15.450	99.6666
15.467	99.6621
15.483	99.6577
15.500	99.6533
15.517	99.6488
15.533	99.6445
15.550	99.6399
15.567	99.6357
15.583	99.6311
15.600	99.6270
15.617	99.6226
15.633	99.6176
15.650	99.6129
15.667	99.6082
15.683	99.6034
15.700	99.5987
15.717	99.5937
15.733	99.5892
15.750	99.5848
15.767	99.5803
15.783	99.5757
15.800	99.5713
15.817	99.5671
15.833	99.5628
15.850	99.5585
15.867	99.5542
15.883	99.5499
15.900	99.5458
15.917	99.5417
15.933	99.5376
15.950	99.5336
15.967	99.5295
15.983	99.5250
16.000	99.5209
16.017	99.5170
16.033	99.5131
16.050	99.5097
16.067	99.5061
16.083	99.5023
16.100	99.4980
16.117	99.4937
16.133	99.4895
16.150	99.4854
16.167	99.4814
16.183	99.4772
16.200	99.4728
16.217	99.4684
16.233	99.4642
16.250	99.4607
16.267	99.4574
16.283	99.4540
16.300	99.4507
16.317	99.4471
16.333	99.4435
16.350	99.4398
16.367	99.4366
16.383	99.4335
16.400	99.4306
16.417	99.4270
16.433	99.4239
16.450	99.4201
16.467	99.4165
16.483	99.4132
16.500	99.4099
16.517	99.4071
16.533	99.4043
16.550	99.4016
16.567	99.3987
16.583	99.3957
16.600	99.3927
16.617	99.3894
16.633	99.3866
16.650	99.3837
16.667	99.3806
16.683	99.3776
16.700	99.3751
16.717	99.3731
16.733	99.3710
16.750	99.3685
16.767	99.3659
16.783	99.3633
16.800	99.3605
16.817	99.3582
16.833	99.3559
16.850	99.3536
16.867	99.3512
16.883	99.3489
16.900	99.3464
16.917	99.3441
16.933	99.3423
16.950	99.3404
16.967	99.3386
16.983	99.3363
17.000	99.3340
17.017	99.3323
17.033	99.3304
17.050	99.3284
17.067	99.3265
17.083	99.3244
17.100	99.3227
17.117	99.3211
17.133	99.3198
17.150	99.3185
17.167	99.3170
17.183	99.3156
17.200	99.3141
17.217	99.3125
17.233	99.3113
17.250	99.3100
17.267	99.3086
17.283	99.3071
17.300	99.3056
17.317	99.3042
17.333	99.3030
17.350	99.3017
17.367	99.3005
17.383	99.2988
17.400	99.2971
17.417	99.2955
17.433	99.2941
17.450	99.2930
17.467	99.2923
17.483	99.2917
17.500	99.2910
17.517	99.2904
17.533	99.2901
17.550	99.2888
17.567	99.2873
17.583	99.2858
17.600	99.2838
17.617	99.2818
17.633	99.2805
17.650	99.2796
17.667	99.2791
17.683	99.2788
17.700	99.2789
17.717	99.2790
17.733	99.2784
17.750	99.2776
17.767	99.2767
17.783	99.2757
17.800	99.2749
17.817	99.2740
17.833	99.2735
17.850	99.2734
17.867	99.2731
17.883	99.2725
17.900	99.2717
17.917	99.2707
17.933	99.2704
17.950	99.2699
17.967	99.2698
17.983	99.2697
18.000	99.2696
18.017	99.2695
18.033	99.2688
18.050	99.2685
18.067	99.2681
18.083	99.2678
18.100	99.2675
18.117	99.2677
18.133	99.2677
18.150	99.2675
18.167	99.2677
18.183	99.2679
18.200	99.2676
18.217	99.2670
18.233	99.2662
18.250	99.2657
18.267	99.2657
18.283	99.2661
18.300	99.2663
18.317	99.2667
18.333	99.2670
18.350	99.2671
18.367	99.2673
18.383	99.2680
18.400	99.2681
18.417	99.2681
18.433	99.2684
18.450	99.2686
18.467	99.2689
18.483	99.2695
18.500	99.2699
18.517	99.2701
18.533	99.2705
18.550	99.2711
18.567	99.2713
18.583	99.2719
18.600	99.2722
18.617	99.2722
18.633	99.2723
18.650	99.2722
18.667	99.2730
18.683	99.2740
18.700	99.2749
18.717	99.2757
18.733	99.2765
18.750	99.2773
18.767	99.2782
18.783	99.2789
18.800	99.2794
18.817	99.2801
18.833	99.2806
18.850	99.2815
18.867	99.2828
18.883	99.2842
18.900	99.2852
18.917	99.2859
18.933	99.2863
18.950	99.2868
18.967	99.2875
18.983	99.2882
19.000	99.2890
19.017	99.2900
19.033	99.2910
19.050	99.2918
19.067	99.2921
19.083	99.2930
19.100	99.2938
19.117	99.2949
19.133	99.2963
19.150	99.2976
19.167	99.2984
19.183	99.2993
19.200	99.3003
19.217	99.3016
19.233	99.3031
19.250	99.3046
19.267	99.3058
19.283	99.3068
19.300	99.3079
19.317	99.3089
19.333	99.3098
19.350	99.3109
19.367	99.3118
19.383	99.3130
19.400	99.3139
19.417	99.3148
19.433	99.3156
19.450	99.3168
19.467	99.3183
19.483	99.3198
19.500	99.3209
19.517	99.3218
19.533	99.3231
19.550	99.3250
19.567	99.3266
19.583	99.3274
19.600	99.3281
19.617	99.3291
19.633	99.3302
19.650	99.3311
19.667	99.3318
19.683	99.3330
19.700	99.3345
19.717	99.3358
19.733	99.3372
19.750	99.3384
19.767	99.3398
19.783	99.3412
19.800	99.3425
19.817	99.3437
19.833	99.3449
19.850	99.3463
19.867	99.3474
19.883	99.3483
19.900	99.3492
19.917	99.3501
19.933	99.3513
19.950	99.3525
19.967	99.3538
19.983	99.3551
20.000	99.3565
20.017	99.3578
20.033	99.3591
20.050	99.3605
20.067	99.3619
20.083	99.3630
20.100	99.3641
20.117	99.3655
20.133	99.3669
20.150	99.3681
20.167	99.3690
20.183	99.3702
20.200	99.3711
20.217	99.3721
20.233	99.3731
20.250	99.3740
20.267	99.3753
20.283	99.3764
20.300	99.3775
20.317	99.3788
20.333	99.3798
20.350	99.3810
20.367	99.3819
20.383	99.3830
20.400	99.3839
20.417	99.3851
20.433	99.3862
20.450	99.3873
20.467	99.3886
20.483	99.3895
20.500	99.3903
20.517	99.3916
20.533	99.3939
20.550	99.3950
20.567	99.3957
20.583	99.3964
20.600	99.3971
20.617	99.3982
20.633	99.3992
20.650	99.3998
20.667	99.3999
20.683	99.4000
20.700	99.4005
20.717	99.4015
20.733	99.4027
20.750	99.4040
20.767	99.4056
20.783	99.4064
20.800	99.4073
20.817	99.4082
20.833	99.4089
20.850	99.4100
20.867	99.4114
20.883	99.4124
20.900	99.4134
20.917	99.4141
20.933	99.4145
20.950	99.4151
20.967	99.4158
20.983	99.4168
21.000	99.4176
21.017	99.4186
21.033	99.4197
21.050	99.4204
21.067	99.4212
21.083	99.4219
21.100	99.4225
21.117	99.4235
21.133	99.4249
21.150	99.4261
21.167	99.4266
21.183	99.4273
21.200	99.4280
21.217	99.4287
21.233	99.4296
21.250	99.4303
21.267	99.4310
21.283	99.4314
21.300	99.4322
21.317	99.4330
21.333	99.4337
21.350	99.4345
21.367	99.4350
21.383	99.4353
21.400	99.4360
21.417	99.4365
21.433	99.4374
21.450	99.4384
21.467	99.4388
21.483	99.4395
21.500	99.4398
21.517	99.4402
21.533	99.4408
21.550	99.4417
21.567	99.4427
21.583	99.4433
21.600	99.4442
21.617	99.4447
21.633	99.4455
21.650	99.4461
21.667	99.4462
21.683	99.4464
21.700	99.4467
21.717	99.4474
21.733	99.4483
21.750	99.4491
21.767	99.4501
21.783	99.4506
21.800	99.4511
21.817	99.4516
21.833	99.4520
21.850	99.4522
21.867	99.4526
21.883	99.4531
21.900	99.4537
21.917	99.4542
21.933	99.4546
21.950	99.4550
21.967	99.4554
21.983	99.4560
22.000	99.4564
22.017	99.4568
22.033	99.4572
22.050	99.4581
22.067	99.4587
22.083	99.4595
22.100	99.4604
22.117	99.4616
22.133	99.4627
22.150	99.4631
22.167	99.4632
22.183	99.4634
22.200	99.4638
22.217	99.4642
22.233	99.4645
22.250	99.4648
22.267	99.4653
22.283	99.4657
22.300	99.4663
22.317	99.4669
22.333	99.4674
22.350	99.4678
22.367	99.4682
22.383	99.4685
22.400	99.4687
22.417	99.4689
22.433	99.4694
22.450	99.4699
22.467	99.4706
22.483	99.4712
22.500	99.4717
22.517	99.4724
22.533	99.4730
22.550	99.4735
22.567	99.4736
22.583	99.4740
22.600	99.4746
22.617	99.4750
22.633	99.4756
22.650	99.4763
22.667	99.4767
22.683	99.4772
22.700	99.4776
22.717	99.4776
22.733	99.4781
22.750	99.4785
22.767	99.4792
22.783	99.4798
22.800	99.4802
22.817	99.4808
22.833	99.4814
22.850	99.4821
22.867	99.4826
22.883	99.4832
22.900	99.4835
22.917	99.4837
22.933	99.4838
22.950	99.4841
22.967	99.4843
22.983	99.4846
23.000	99.4850
23.017	99.4860
23.033	99.4864
23.050	99.4863
23.067	99.4862
23.083	99.4866
23.100	99.4874
23.117	99.4882
23.133	99.4891
23.150	99.4895
23.167	99.4898
23.183	99.4903
23.200	99.4904
23.217	99.4909
23.233	99.4910
23.250	99.4914
23.267	99.4920
23.283	99.4927
23.300	99.4936
23.317	99.4946
23.333	99.4951
23.350	99.4955
23.367	99.4957
23.383	99.4963
23.400	99.4966
23.417	99.4970
23.433	99.4972
23.450	99.4976
23.467	99.4980
23.483	99.4985
23.500	99.4988
23.517	99.4993
23.533	99.4996
23.550	99.4998
23.567	99.5003
23.583	99.5010
23.600	99.5018
23.617	99.5022
23.633	99.5030
23.650	99.5035
23.667	99.5039
23.683	99.5042
23.700	99.5048
23.717	99.5053
23.733	99.5057
23.750	99.5057
23.767	99.5063
23.783	99.5069
23.800	99.5074
23.817	99.5078
23.833	99.5083
23.850	99.5090
23.867	99.5096
23.883	99.5102
23.900	99.5105
23.917	99.5108
23.933	99.5115
23.950	99.5123
23.967	99.5133
23.983	99.5140
24.000	99.5143
24.017	99.5146
24.033	99.5149
24.050	99.5152
24.067	99.5156
24.083	99.5158
24.100	99.5162
24.117	99.5168
24.133	99.5176
24.150	99.5183
24.167	99.5189
24.183	99.5195
24.200	99.5200
24.217	99.5203
24.233	99.5206
24.250	99.5210
24.267	99.5218
24.283	99.5224
24.300	99.5229
24.317	99.5234
24.333	99.5237
24.350	99.5245
24.367	99.5253
24.383	99.5259
24.400	99.5263
24.417	99.5266
24.433	99.5272
24.450	99.5284
24.467	99.5294
24.483	99.5298
24.500	99.5302
24.517	99.5305
24.533	99.5307
24.550	99.5313
24.567	99.5323
24.583	99.5333
24.600	99.5340
24.617	99.5343
24.633	99.5341
24.650	99.5343
24.667	99.5344
24.683	99.5346
24.700	99.5354
24.717	99.5360
24.733	99.5371
24.750	99.5381
24.767	99.5390
24.783	99.5398
24.800	99.5408
24.817	99.5414
24.833	99.5419
24.850	99.5424
24.867	99.5426
24.883	99.5432
24.900	99.5440
24.917	99.5448
24.933	99.5452
24.950	99.5457
24.967	99.5458
24.983	99.5463
25.000	99.5469
25.017	99.5475
25.033	99.5482
25.050	99.5493
25.067	99.5502
25.083	99.5509
25.100	99.5519
25.117	99.5529
25.133	99.5539
25.150	99.5544
25.167	99.5551
25.183	99.5559
25.200	99.5564
25.217	99.5572
25.233	99.5581
25.250	99.5589
25.267	99.5596
25.283	99.5600
25.300	99.5608
25.317	99.5619
25.333	99.5627
25.350	99.5632
25.367	99.5638
25.383	99.5640
25.400	99.5642
25.417	99.5645
25.433	99.5652
25.450	99.5660
25.467	99.5668
25.483	99.5679
25.500	99.5688
25.517	99.5696
25.533	99.5705
25.550	99.5717
25.567	99.5728
25.583	99.5739
25.600	99.5748
25.617	99.5755
25.633	99.5760
25.650	99.5763
25.667	99.5766
25.683	99.5770
25.700	99.5778
25.717	99.5785
25.733	99.5793
25.750	99.5806
25.767	99.5814
25.783	99.5823
25.800	99.5825
25.817	99.5829
25.833	99.5837
25.850	99.5843
25.867	99.5852
25.883	99.5860
25.900	99.5870
25.917	99.5880
25.933	99.5893
25.950	99.5905
25.967	99.5917
25.983	99.5929
26.000	99.5936
26.017	99.5939
26.033	99.5945
26.050	99.5949
26.067	99.5958
26.083	99.5968
26.100	99.5976
26.117	99.5982
26.133	99.5989
26.150	99.5999
26.167	99.6006
26.183	99.6016
26.200	99.6028
26.217	99.6039
26.233	99.6048
26.250	99.6057
26.267	99.6067
26.283	99.6076
26.300	99.6082
26.317	99.6087
26.333	99.6093
26.350	99.6102
26.367	99.6111
26.383	99.6123
26.400	99.6134
26.417	99.6141
26.433	99.6147
26.450	99.6157
26.467	99.6167
26.483	99.6175
26.500	99.6185
26.517	99.6193
26.533	99.6205
26.550	99.6216
26.567	99.6223
26.583	99.6230
26.600	99.6237
26.617	99.6242
26.633	99.6254
26.650	99.6266
26.667	99.6277
26.683	99.6287
26.700	99.6296
26.717	99.6305
26.733	99.6318
26.750	99.6331
26.767	99.6343
26.783	99.6355
26.800	99.6363
26.817	99.6372
26.833	99.6381
26.850	99.6386
26.867	99.6392
26.883	99.6401
26.900	99.6409
26.917	99.6419
26.933	99.6429
26.950	99.6439
26.967	99.6450
26.983	99.6463
27.000	99.6472
27.017	99.6483
27.033	99.6496
27.050	99.6510
27.067	99.6521
27.083	99.6529
27.100	99.6541
27.117	99.6551
27.133	99.6558
27.150	99.6568
27.167	99.6577
27.183	99.6585
27.200	99.6592
27.217	99.6600
27.233	99.6607
27.250	99.6617
27.267	99.6631
27.283	99.6644
27.300	99.6658
27.317	99.6670
27.333	99.6683
27.350	99.6698
27.367	99.6714
27.383	99.6727
27.400	99.6739
27.417	99.6747
27.433	99.6756
27.450	99.6765
27.467	99.6773
27.483	99.6784
27.500	99.6803
27.517	99.6817
27.533	99.6829
27.550	99.6838
27.567	99.6847
27.583	99.6855
27.600	99.6859
27.617	99.6867
27.633	99.6875
27.650	99.6883
27.667	99.6896
27.683	99.6909
27.700	99.6922
27.717	99.6937
27.733	99.6951
27.750	99.6963
27.767	99.6974
27.783	99.6987
27.800	99.6995
27.817	99.7006
27.833	99.7014
27.850	99.7028
27.867	99.7043
27.883	99.7058
27.900	99.7070
27.917	99.7080
27.933	99.7089
27.950	99.7102
27.967	99.7114
27.983	99.7126
28.000	99.7141
28.017	99.7155
28.033	99.7168
28.050	99.7179
28.067	99.7186
28.083	99.7194
28.100	99.7206
28.117	99.7217
28.133	99.7230
28.150	99.7239
28.167	99.7254
28.183	99.7265
28.200	99.7277
28.217	99.7292
28.233	99.7305
28.250	99.7317
28.267	99.7330
28.283	99.7345
28.300	99.7357
28.317	99.7369
28.333	99.7381
28.350	99.7393
28.367	99.7404
28.383	99.7416
28.400	99.7435
28.417	99.7454
28.433	99.7469
28.450	99.7482
28.467	99.7489
28.483	99.7498
28.500	99.7504
28.517	99.7517
28.533	99.7526
28.550	99.7537
28.567	99.7548
28.583	99.7561
28.600	99.7573
28.617	99.7586
28.633	99.7601
28.650	99.7618
28.667	99.7632
28.683	99.7642
28.700	99.7651
28.717	99.7663
28.733	99.7673
28.750	99.7682
28.767	99.7691
28.783	99.7700
28.800	99.7711
28.817	99.7725
28.833	99.7739
28.850	99.7754
28.867	99.7768
28.883	99.7784
28.900	99.7801
28.917	99.7818
28.933	99.7837
28.950	99.7854
28.967	99.7870
28.983	99.7882
29.000	99.7890
29.017	99.7899
29.033	99.7908
29.050	99.7918
29.067	99.7928
29.083	99.7939
29.100	99.7951
29.117	99.7965
29.133	99.7979
29.150	99.7996
29.167	99.8011
29.183	99.8026
29.200	99.8041
29.217	99.8054
29.233	99.8064
29.250	99.8077
29.267	99.8089
29.283	99.8098
29.300	99.8109
29.317	99.8123
29.333	99.8136
29.350	99.8146
29.367	99.8159
29.383	99.8170
29.400	99.8183
29.417	99.8195
29.433	99.8210
29.450	99.8225
29.467	99.8240
29.483	99.8257
29.500	99.8275
29.517	99.8279
29.533	99.8297
29.550	99.8315
29.567	99.8325
29.583	99.8336
29.600	99.8345
29.617	99.8357
29.633	99.8371
29.650	99.8384
29.667	99.8398
29.683	99.8411
29.700	99.8424
29.717	99.8438
29.733	99.8452
29.750	99.8467
29.767	99.8479
29.783	99.8491
29.800	99.8506
29.817	99.8524
29.833	99.8539
29.850	99.8551
29.867	99.8556
29.883	99.8566
29.900	99.8575
29.917	99.8590
29.933	99.8607
29.950	99.8626
29.967	99.8643
29.983	99.8654
30.000	99.8666
30.017	99.8685
30.033	99.8698
30.050	99.8710
30.067	99.8725
30.083	99.8735
30.100	99.8748
30.117	99.8760
30.133	99.8771
30.150	99.8781
30.167	99.8794
30.183	99.8807
30.200	99.8819
30.217	99.8835
30.233	99.8850
30.250	99.8865
30.267	99.8880
30.283	99.8894
30.300	99.8907
30.317	99.8919
30.333	99.8931
30.350	99.8943
30.367	99.8954
30.383	99.8964
30.400	99.8975
30.417	99.8986
30.433	99.9002
30.450	99.9025
30.467	99.9046
30.483	99.9060
30.500	99.9071
30.517	99.9080
30.533	99.9091
30.550	99.9107
30.567	99.9117
30.583	99.9128
30.600	99.9139
30.617	99.9150
30.633	99.9159
30.650	99.9167
30.667	99.9179
30.683	99.9192
30.700	99.9206
30.717	99.9221
30.733	99.9235
30.750	99.9245
30.767	99.9263
30.783	99.9272
30.800	99.9277
30.817	99.9289
30.833	99.9304
30.850	99.9315
30.867	99.9325
30.883	99.9335
30.900	99.9348
30.917	99.9361
30.933	99.9376
30.950	99.9392
30.967	99.9405
30.983	99.9418
31.000	99.9430
31.017	99.9442
31.033	99.9456
31.050	99.9469
31.067	99.9478
31.083	99.9491
31.100	99.9503
31.117	99.9521
31.133	99.9541
31.150	99.9552
31.167	99.9562
31.183	99.9572
31.200	99.9579
31.217	99.9587
31.233	99.9597
31.250	99.9609
31.267	99.9617
31.283	99.9630
31.300	99.9641
31.317	99.9655
31.333	99.9668
31.350	99.9682
31.367	99.9692
31.383	99.9703
31.400	99.9715
31.417	99.9728
31.433	99.9740
31.450	99.9747
31.467	99.9750
31.483	99.9754
31.500	99.9767
31.517	99.9783
31.533	99.9796
31.550	99.9814
31.567	99.9826
31.583	99.9839
31.600	99.9857
31.617	99.9875
31.633	99.9886
31.650	99.9897
31.667	99.9908
31.683	99.9918
31.700	99.9927
31.717	99.9938
31.733	99.9949
31.750	99.9959
31.767	99.9964
31.783	99.9975
31.800	99.9985
31.817	99.9998
31.833	100.0011
31.850	100.0021
31.867	100.0036
31.883	100.0050
31.900	100.0064
31.917	100.0083
31.933	100.0099
31.950	100.0107
31.967	100.0121
31.983	100.0132
32.000	100.0137
32.017	100.0144
32.033	100.0150
32.050	100.0159
32.067	100.0165
32.083	100.0172
32.100	100.0180
32.117	100.0192
32.133	100.0204
32.150	100.0214
32.167	100.0226
32.183	100.0238
32.200	100.0252
32.217	100.0271
32.233	100.0288
32.250	100.0299
32.267	100.0308
32.283	100.0311
32.300	100.0309
32.317	100.0318
32.333	100.0333
32.350	100.0347
32.367	100.0359
32.383	100.0369
32.400	100.0381
32.417	100.0391
32.433	100.0403
32.450	100.0414
32.467	100.0427
32.483	100.0440
32.500	100.0450
32.517	100.0460
32.533	100.0466
32.550	100.0478
32.567	100.0487
32.583	100.0498
32.600	100.0504
32.617	100.0510
32.633	100.0521
32.650	100.0535
32.667	100.0551
32.683	100.0564
32.700	100.0578
32.717	100.0588
32.733	100.0594
32.750	100.0603
32.767	100.0612
32.783	100.0619
32.800	100.0630
32.817	100.0643
32.833	100.0656
32.850	100.0666
32.867	100.0677
32.883	100.0688
32.900	100.0698
32.917	100.0707
32.933	100.0717
32.950	100.0732
32.967	100.0741
32.983	100.0752
33.000	100.0760
33.017	100.0769
33.033	100.0778
33.050	100.0788
33.067	100.0798
33.083	100.0808
33.100	100.0818
33.117	100.0828
33.133	100.0841
33.150	100.0855
33.167	100.0867
33.183	100.0876
33.200	100.0883
33.217	100.0890
33.233	100.0899
33.250	100.0910
33.267	100.0918
33.283	100.0930
33.300	100.0939
33.317	100.0951
33.333	100.0963
33.350	100.0977
33.367	100.0989
33.383	100.0999
33.400	100.1014
33.417	100.1028
33.433	100.1040
33.450	100.1049
33.467	100.1053
33.483	100.1059
33.500	100.1066
33.517	100.1077
33.533	100.1088
33.550	100.1098
33.567	100.1106
33.583	100.1114
33.600	100.1122
33.617	100.1131
33.633	100.1143
33.650	100.1152
33.667	100.1159
33.683	100.1170
33.700	100.1182
33.717	100.1193
33.733	100.1204
33.750	100.1215
33.767	100.1228
33.783	100.1240
33.800	100.1254
33.817	100.1260
33.833	100.1268
33.850	100.1277
33.867	100.1283
33.883	100.1293
33.900	100.1302
33.917	100.1311
33.933	100.1323
33.950	100.1332
33.967	100.1351
33.983	100.1368
34.000	100.1372
34.017	100.1377
34.033	100.1383
34.050	100.1389
34.067	100.1391
34.083	100.1397
34.100	100.1407
34.117	100.1419
34.133	100.1431
34.150	100.1447
34.167	100.1463
34.183	100.1478
34.200	100.1486
34.217	100.1489
34.233	100.1496
34.250	100.1504
34.267	100.1510
34.283	100.1520
34.300	100.1528
34.317	100.1540
34.333	100.1547
34.350	100.1557
34.367	100.1571
34.383	100.1580
34.400	100.1589
34.417	100.1596
34.433	100.1602
34.450	100.1606
34.467	100.1613
34.483	100.1624
34.500	100.1634
34.517	100.1643
34.533	100.1652
34.550	100.1664
34.567	100.1676
34.583	100.1686
34.600	100.1697
34.617	100.1704
34.633	100.1711
34.650	100.1723
34.667	100.1734
34.683	100.1747
34.700	100.1757
34.717	100.1767
34.733	100.1777
34.750	100.1786
34.767	100.1794
34.783	100.1797
34.800	100.1806
34.817	100.1813
34.833	100.1825
34.850	100.1835
34.867	100.1845
34.883	100.1856
34.900	100.1865
34.917	100.1879
34.933	100.1890
34.950	100.1900
34.967	100.1910
34.983	100.1917
35.000	100.1924
35.017	100.1928
35.033	100.1932
35.050	100.1939
35.067	100.1948
35.083	100.1958
35.100	100.1968
35.117	100.1977
35.133	100.1985
35.150	100.1997
35.167	100.2008
35.183	100.2014
35.200	100.2024
35.217	100.2035
35.233	100.2045
35.250	100.2054
35.267	100.2061
35.283	100.2075
35.300	100.2088
35.317	100.2097
35.333	100.2103
35.350	100.2110
35.367	100.2122
35.383	100.2132
35.400	100.2137
35.417	100.2144
35.433	100.2151
35.450	100.2163
35.467	100.2174
35.483	100.2185
35.500	100.2197
35.517	100.2207
35.533	100.2216
35.550	100.2226
35.567	100.2238
35.583	100.2245
35.600	100.2249
35.617	100.2256
35.633	100.2264
35.650	100.2274
35.667	100.2284
35.683	100.2295
35.700	100.2306
35.717	100.2317
35.733	100.2326
35.750	100.2337
35.767	100.2344
35.783	100.2351
35.800	100.2363
35.817	100.2372
35.833	100.2379
35.850	100.2388
35.867	100.2405
35.883	100.2427
35.900	100.2442
35.917	100.2450
35.933	100.2458
35.950	100.2461
35.967	100.2463
35.983	100.2469
36.000	100.2474
36.017	100.2481
36.033	100.2489
36.050	100.2496
36.067	100.2505
36.083	100.2514
36.100	100.2521
36.117	100.2529
36.133	100.2536
36.150	100.2543
36.167	100.2551
36.183	100.2559
36.200	100.2564
36.217	100.2565
36.233	100.2574
36.250	100.2590
36.267	100.2601
36.283	100.2611
36.300	100.2619
36.317	100.2630
36.333	100.2641
36.350	100.2650
36.367	100.2660
36.383	100.2674
36.400	100.2685
36.417	100.2701
36.433	100.2718
36.450	100.2718
36.467	100.2720
36.483	100.2724
36.500	100.2731
36.517	100.2739
36.533	100.2751
36.550	100.2761
36.567	100.2771
36.583	100.2779
36.600	100.2787
36.617	100.2793
36.633	100.2801
36.650	100.2807
36.667	100.2814
36.683	100.2821
36.700	100.2829
36.717	100.2837
36.733	100.2844
36.750	100.2849
36.767	100.2855
36.783	100.2868
36.800	100.2879
36.817	100.2889
36.833	100.2898
36.850	100.2905
36.867	100.2920
36.883	100.2936
36.900	100.2946
36.917	100.2950
36.933	100.2954
36.950	100.2960
36.967	100.2966
36.983	100.2976
37.000	100.2987
37.017	100.2993
37.033	100.3003
37.050	100.3011
37.067	100.3017
37.083	100.3025
37.100	100.3031
37.117	100.3039
37.133	100.3046
37.150	100.3054
37.167	100.3063
37.183	100.3076
37.200	100.3090
37.217	100.3100
37.233	100.3112
37.250	100.3122
37.267	100.3132
37.283	100.3139
37.300	100.3147
37.317	100.3154
37.333	100.3159
37.350	100.3164
37.367	100.3167
37.383	100.3173
37.400	100.3178
37.417	100.3184
37.433	100.3189
37.450	100.3195
37.467	100.3205
37.483	100.3217
37.500	100.3227
37.517	100.3235
37.533	100.3245
37.550	100.3259
37.567	100.3269
37.583	100.3279
37.600	100.3288
37.617	100.3297
37.633	100.3304
37.650	100.3311
37.667	100.3317
37.683	100.3322
37.700	100.3326
37.717	100.3335
37.733	100.3346
37.750	100.3351
37.767	100.3357
37.783	100.3365
37.800	100.3375
37.817	100.3384
37.833	100.3395
37.850	100.3403
37.867	100.3415
37.883	100.3426
37.900	100.3437
37.917	100.3444
37.933	100.3451
37.950	100.3463
37.967	100.3469
37.983	100.3474
38.000	100.3480
38.017	100.3487
38.033	100.3499
38.050	100.3506
38.067	100.3511
38.083	100.3515
38.100	100.3523
38.117	100.3532
38.133	100.3541
38.150	100.3552
38.167	100.3562
38.183	100.3571
38.200	100.3579
38.217	100.3585
38.233	100.3597
38.250	100.3612
38.267	100.3623
38.283	100.3629
38.300	100.3636
38.317	100.3640
38.333	100.3646
38.350	100.3657
38.367	100.3668
38.383	100.3676
38.400	100.3679
38.417	100.3681
38.433	100.3687
38.450	100.3695
38.467	100.3705
38.483	100.3715
38.500	100.3723
38.517	100.3733
38.533	100.3741
38.550	100.3750
38.567	100.3757
38.583	100.3764
38.600	100.3772
38.617	100.3784
38.633	100.3798
38.650	100.3807
38.667	100.3813
38.683	100.3816
38.700	100.3822
38.717	100.3830
38.733	100.3837
38.750	100.3845
38.767	100.3850
38.783	100.3857
38.800	100.3864
38.817	100.3874
38.833	100.3880
38.850	100.3891
38.867	100.3903
38.883	100.3911
38.900	100.3920
38.917	100.3928
38.933	100.3935
38.950	100.3943
38.967	100.3951
38.983	100.3961
39.000	100.3971
39.017	100.3980
39.033	100.3988
39.050	100.3995
39.067	100.4002
39.083	100.4011
39.100	100.4020
39.117	100.4030
39.133	100.4037
39.150	100.4045
39.167	100.4052
39.183	100.4063
39.200	100.4070
39.217	100.4076
39.233	100.4087
39.250	100.4100
39.267	100.4111
39.283	100.4118
39.300	100.4122
39.317	100.4128
39.333	100.4132
39.350	100.4138
39.367	100.4142
39.383	100.4149
39.400	100.4157
39.417	100.4167
39.433	100.4175
39.450	100.4183
39.467	100.4193
39.483	100.4205
39.500	100.4215
39.517	100.4224
39.533	100.4236
39.550	100.4246
39.567	100.4253
39.583	100.4257
39.600	100.4258
39.617	100.4261
39.633	100.4266
39.650	100.4268
39.667	100.4274
39.683	100.4283
39.700	100.4292
39.717	100.4303
39.733	100.4316
39.750	100.4327
39.767	100.4337
39.783	100.4344
39.800	100.4352
39.817	100.4363
39.833	100.4372
39.850	100.4381
39.867	100.4390
39.883	100.4395
39.900	100.4398
39.917	100.4405
39.933	100.4411
39.950	100.4419
39.967	100.4425
39.983	100.4434
40.000	100.4443
40.017	100.4452
40.033	100.4459
40.050	100.4469
40.067	100.4481
40.083	100.4493
40.100	100.4500
40.117	100.4509
40.133	100.4515
40.150	100.4520
40.167	100.4524
40.183	100.4531
40.200	100.4538
40.217	100.4537
40.233	100.4543
40.250	100.4550
40.267	100.4558
40.283	100.4568
40.300	100.4577
40.317	100.4584
40.333	100.4588
40.350	100.4593
40.367	100.4603
40.383	100.4613
40.400	100.4622
40.417	100.4630
40.433	100.4638
40.450	100.4648
40.467	100.4656
40.483	100.4662
40.500	100.4668
40.517	100.4678
40.533	100.4688
40.550	100.4698
40.567	100.4706
40.583	100.4713
40.600	100.4720
40.617	100.4729
40.633	100.4735
40.650	100.4743
40.667	100.4753
40.683	100.4759
40.700	100.4768
40.717	100.4776
40.733	100.4783
40.750	100.4791
40.767	100.4797
40.783	100.4802
40.800	100.4807
40.817	100.4815
40.833	100.4826
40.850	100.4838
40.867	100.4851
40.883	100.4858
40.900	100.4860
40.917	100.4865
40.933	100.4870
40.950	100.4876
40.967	100.4883
40.983	100.4890
41.000	100.4895
41.017	100.4902
41.033	100.4910
41.050	100.4917
41.067	100.4926
41.083	100.4934
41.100	100.4943
41.117	100.4950
41.133	100.4958
41.150	100.4965
41.167	100.4974
41.183	100.4984
41.200	100.4998
41.217	100.5003
41.233	100.5007
41.250	100.5009
41.267	100.5011
41.283	100.5016
41.300	100.5024
41.317	100.5030
41.333	100.5035
41.350	100.5040
41.367	100.5045
41.383	100.5054
41.400	100.5068
41.417	100.5079
41.433	100.5089
41.450	100.5097
41.467	100.5102
41.483	100.5108
41.500	100.5114
41.517	100.5121
41.533	100.5130
41.550	100.5140
41.567	100.5156
41.583	100.5167
41.600	100.5172
41.617	100.5172
41.633	100.5173
41.650	100.5177
41.667	100.5185
41.683	100.5188
41.700	100.5191
41.717	100.5199
41.733	100.5209
41.750	100.5217
41.767	100.5223
41.783	100.5230
41.800	100.5242
41.817	100.5255
41.833	100.5268
41.850	100.5276
41.867	100.5278
41.883	100.5278
41.900	100.5281
41.917	100.5287
41.933	100.5296
41.950	100.5303
41.967	100.5304
41.983	100.5309
42.000	100.5313
42.017	100.5321
42.033	100.5329
42.050	100.5338
42.067	100.5351
42.083	100.5361
42.100	100.5371
42.117	100.5377
42.133	100.5382
42.150	100.5388
42.167	100.5395
42.183	100.5401
42.200	100.5405
42.217	100.5410
42.233	100.5420
42.250	100.5425
42.267	100.5429
42.283	100.5434
42.300	100.5441
42.317	100.5448
42.333	100.5455
42.350	100.5462
42.367	100.5471
42.383	100.5482
42.400	100.5492
42.417	100.5502
42.433	100.5511
42.450	100.5523
42.467	100.5529
42.483	100.5535
42.500	100.5541
42.517	100.5547
42.533	100.5552
42.550	100.5556
42.567	100.5559
42.583	100.5567
42.600	100.5574
42.617	100.5580
42.633	100.5586
42.650	100.5592
42.667	100.5599
42.683	100.5609
42.700	100.5617
42.717	100.5624
42.733	100.5632
42.750	100.5639
42.767	100.5648
42.783	100.5658
42.800	100.5665
42.817	100.5672
42.833	100.5680
42.850	100.5687
42.867	100.5692
42.883	100.5699
42.900	100.5704
42.917	100.5713
42.933	100.5723
42.950	100.5733
42.967	100.5742
42.983	100.5751
43.000	100.5753
43.017	100.5757
43.033	100.5764
43.050	100.5770
43.067	100.5780
43.083	100.5784
43.100	100.5791
43.117	100.5799
43.133	100.5804
43.150	100.5810
43.167	100.5814
43.183	100.5817
43.200	100.5819
43.217	100.5824
43.233	100.5833
43.250	100.5841
43.267	100.5850
43.283	100.5857
43.300	100.5865
43.317	100.5871
43.333	100.5877
43.350	100.5885
43.367	100.5894
43.383	100.5901
43.400	100.5908
43.417	100.5916
43.433	100.5924
43.450	100.5933
43.467	100.5939
43.483	100.5944
43.500	100.5949
43.517	100.5954
43.533	100.5960
43.550	100.5966
43.567	100.5976
43.583	100.5985
43.600	100.5994
43.617	100.6006
43.633	100.6015
43.650	100.6025
43.667	100.6033
43.683	100.6039
43.700	100.6042
43.717	100.6049
43.733	100.6056
43.750	100.6064
43.767	100.6069
43.783	100.6072
43.800	100.6077
43.817	100.6078
43.833	100.6080
43.850	100.6084
43.867	100.6091
43.883	100.6097
43.900	100.6108
43.917	100.6122
43.933	100.6133
43.950	100.6141
43.967	100.6148
43.983	100.6152
44.000	100.6158
44.017	100.6165
44.033	100.6168
44.050	100.6176
44.067	100.6182
44.083	100.6192
44.100	100.6198
44.117	100.6200
44.133	100.6203
44.150	100.6209
44.167	100.6214
44.183	100.6220
44.200	100.6228
44.217	100.6238
44.233	100.6247
44.250	100.6255
44.267	100.6265
44.283	100.6272
44.300	100.6280
44.317	100.6286
44.333	100.6291
44.350	100.6297
44.367	100.6304
44.383	100.6309
44.400	100.6319
44.417	100.6329
44.433	100.6340
44.450	100.6349
44.467	100.6356
44.483	100.6361
44.500	100.6363
